number	direction_ind	# of covercap	
0	3	2	
1	61	2	
2	88	2	
3	90	2	
4	153	2	
5	164	2	
6	173	2	
7	174	2	
8	175	2	
9	180	2	
10	196	2	
11	198	2	
12	208	2	
13	236	2	
14	250	2	
15	302	2	
16	330	2	
17	331	2	
18	332	2	
19	353	2	
20	354	2	
21	364	2	
22	365	2	
23	373	2	
24	380	2	
25	381	2	
26	382	2	
27	383	2	
28	398	2	
29	404	2	
30	406	2	
31	461	2	
32	675	2	
33	677	2	
34	733	2	
35	765	2	
36	785	2	
37	787	2	
38	789	2	
39	798	2	
40	813	2	
41	816	2	
42	825	2	
43	828	2	
44	834	2	
45	879	2	
46	886	2	
47	897	2	
48	938	2	
49	948	2	
50	951	2	
51	967	2	
52	1098	2	
53	1114	2	
54	1125	2	
55	1171	2	
56	1172	2	
57	1173	2	
58	1200	2	
59	1341	2	
60	1401	2	
61	1409	2	
62	1419	2	
63	1430	2	
64	1509	2	
65	1516	2	
66	1519	2	
67	1521	2	
68	1530	2	
69	1532	2	
70	1633	2	
71	1637	2	
72	1638	2	
73	1639	2	
74	1640	2	
75	1641	2	
76	1642	2	
77	1664	2	
78	1695	2	
79	1753	2	
80	1757	2	
81	1758	2	
82	1759	2	
83	1887	2	
84	1888	2	
85	1893	2	
86	1951	2	
87	1957	2	
88	1965	2	
89	2011	2	
90	2014	2	
91	2015	2	
92	2139	2	
93	2297	2	
94	2435	2	
95	2438	2	
96	2439	2	
97	2446	2	
98	2447	2	
99	2457	2	
100	2458	2	
101	2469	2	
102	2475	2	
103	2479	2	
104	2482	2	
105	2483	2	
106	2484	2	
107	2489	2	
108	2490	2	
109	2495	2	
110	2496	2	
111	2501	2	
112	2507	2	
113	2516	2	
114	2521	2	
115	2530	2	
116	2531	2	
117	2532	2	
118	2546	2	
119	2584	2	
120	2585	2	
121	2602	2	
122	2612	2	
123	2617	2	
124	2619	2	
125	2626	2	
126	2631	2	
127	2632	2	
128	2635	2	
129	2638	2	
130	2641	2	
131	2645	2	
132	2649	2	
133	2653	2	
134	2658	2	
135	2659	2	
136	2684	2	
137	2693	2	
138	2790	2	
139	2794	2	
140	2797	2	
141	2801	2	
142	2802	2	
143	2953	2	
144	2955	2	
145	2958	2	
146	2960	2	
147	2965	2	
148	3115	2	
149	3117	2	
150	3120	2	
151	3122	2	
152	3156	2	
153	3158	2	
154	3160	2	
155	3293	2	
156	3469	2	
157	3471	2	
158	3624	2	
159	3627	2	
160	3637	2	
161	3638	2	
162	3639	2	
163	3640	2	
164	3641	2	
165	3642	2	
166	3647	2	
167	3658	2	
168	3704	2	
169	3705	2	
170	3706	2	
171	3707	2	
172	3708	2	
173	3710	2	
174	3713	2	
175	3723	2	
176	3816	2	
177	3817	2	
178	3819	2	
179	3820	2	
180	3821	2	
181	3894	2	
182	3895	2	
183	3896	2	
184	3897	2	
185	3907	2	
186	4006	2	
187	4007	2	
188	4008	2	
189	4009	2	
190	4011	2	
191	4094	2	
192	4096	2	
193	4098	2	
194	4133	2	
195	4201	2	
196	4287	2	
197	4291	2	
198	4292	2	
199	4332	2	
200	4343	2	
201	4374	2	
202	4377	2	
203	4380	2	
204	4389	2	
205	4390	2	
206	4391	2	
207	4394	2	
208	4478	2	
209	4481	2	
210	4482	2	
211	4483	2	
212	4487	2	
213	4488	2	
214	4492	2	
215	4498	2	
216	4569	2	
217	4571	2	
218	4575	2	
219	4576	2	
220	4577	2	
221	4580	2	
222	4672	2	
223	4673	2	
224	4674	2	
225	4680	2	
226	4681	2	
227	4719	2	
228	4762	2	
229	4767	2	
230	4769	2	
231	4770	2	
232	4871	2	
233	4872	2	
234	4874	2	
235	4960	2	
236	4967	2	
237	5080	2	
238	5081	2	
239	5088	2	
240	5132	2	
241	5140	2	
242	5147	2	
243	5164	2	
244	5168	2	
245	5169	2	
246	5173	2	
247	5174	2	
248	5175	2	
249	5176	2	
250	5177	2	
251	5178	2	
252	5179	2	
253	5199	2	
254	5221	2	
255	5267	2	
256	5287	2	
257	5289	2	
258	5290	2	
259	5291	2	
260	5292	2	
261	5293	2	
262	5298	2	
263	5314	2	
264	5329	2	
265	5381	2	
266	5382	2	
267	5385	2	
268	5493	2	
269	5496	2	
270	5499	2	
271	5705	2	
272	6007	2	
273	6011	2	
274	6051	2	
275	6138	2	
276	6139	2	
277	6221	2	
278	6222	2	
279	6263	2	
280	6312	2	
281	6351	2	
282	6352	2	
283	6354	2	
284	6434	2	
285	6568	2	
286	6600	2	
287	6644	2	
288	6649	2	
289	6650	2	
290	6651	2	
291	6652	2	
292	6696	2	
293	6719	2	
294	6720	2	
295	6722	2	
296	6787	2	
297	6788	2	
298	6789	2	
299	6800	2	
300	6834	2	
301	6846	2	
302	6869	2	
303	6872	2	
304	6913	2	
305	6942	2	
306	7016	2	
307	7017	2	
308	7063	2	
309	7069	2	
310	7090	2	
311	7096	2	
312	7097	2	
313	7098	2	
314	7192	2	
315	7205	2	
316	7244	2	
317	7245	2	
318	7248	2	
319	7258	2	
320	7291	2	
321	7355	2	
322	7482	2	
323	7490	2	
324	7525	2	
325	7548	2	
326	7553	2	
327	7555	2	
328	7651	2	
329	7691	2	
330	7703	2	
331	7704	2	
332	7715	2	
333	7836	2	
334	7983	2	
335	8011	2	
336	8044	2	
337	8063	2	
338	8144	2	
339	8184	2	
340	8225	2	
341	8228	2	
342	8243	2	
343	8265	2	
344	8274	2	
345	8276	2	
346	8344	2	
347	8384	2	
348	8407	2	
349	8467	2	
350	8533	2	
351	8592	2	
352	8687	2	
353	8689	2	
354	8695	2	
355	8699	2	
356	8701	2	
357	8708	2	
358	8718	2	
359	8720	2	
360	8729	2	
361	8757	2	
362	8761	2	
363	8792	2	
364	8836	2	
365	8843	2	
366	8870	2	
367	8886	2	
368	8887	2	
369	8890	2	
370	8908	2	
371	8910	2	
372	8911	2	
373	8912	2	
374	8920	2	
375	8935	2	
376	8944	2	
377	8947	2	
378	8960	2	
379	8971	2	
380	8978	2	
381	8982	2	
382	9013	2	
383	9014	2	
384	9058	2	
385	9121	2	
386	9129	2	
387	9132	2	
388	9149	2	
389	9195	2	
390	9201	2	
391	9204	2	
392	9245	2	
393	9255	2	
394	9258	2	
395	9277	2	
396	9298	2	
397	9304	2	
398	9320	2	
399	9324	2	
400	9325	2	
401	9333	2	
402	9374	2	
403	9387	2	
404	9421	2	
405	9665	2	
406	9679	2	
407	9687	2	
408	9689	2	
409	9710	2	
410	9718	2	
411	9739	2	
412	9766	2	
413	9785	2	
414	9812	2	
415	9838	2	
416	9840	2	
417	9855	2	
418	9857	2	
419	9859	2	
420	9863	2	
421	9866	2	
422	9885	2	
423	9886	2	
424	9937	2	
425	9958	2	
426	9984	2	
427	10136	2	
428	10159	2	
429	10171	2	
430	10179	2	
431	10205	2	
432	10232	2	
433	10246	2	
434	10249	2	
435	10251	2	
436	10254	2	
437	10290	2	
438	10298	2	
439	10303	2	
440	10352	2	
441	10368	2	
442	10390	2	
443	10406	2	
444	10426	2	
445	10427	2	
446	10432	2	
447	10443	2	
448	10460	2	
449	10463	2	
450	10482	2	
451	10488	2	
452	10492	2	
453	10500	2	
454	10504	2	
455	10515	2	
456	10533	2	
457	10536	2	
458	10556	2	
459	10569	2	
460	10610	2	
461	10617	2	
462	10622	2	
463	10631	2	
464	10643	2	
465	10651	2	
466	10658	2	
467	10666	2	
468	10678	2	
469	10680	2	
470	10696	2	
471	10709	2	
472	10729	2	
473	10732	2	
474	10733	2	
475	10744	2	
476	10751	2	
477	10753	2	
478	10756	2	
479	10762	2	
480	10770	2	
481	10783	2	
482	10786	2	
483	10794	2	
484	10796	2	
485	10799	2	
486	10802	2	
487	10804	2	
488	10809	2	
489	10811	2	
490	10820	2	
491	10826	2	
492	10830	2	
493	10837	2	
494	10838	2	
495	10864	2	
496	10875	2	
497	10878	2	
498	10883	2	
499	10895	2	
500	10926	2	
501	10927	2	
502	10950	2	
503	10974	2	
504	10979	2	
505	10985	2	
506	10991	2	
507	10996	2	
508	11010	2	
509	11013	2	
510	11017	2	
511	11020	2	
512	11043	2	
513	11061	2	
514	11065	2	
515	11067	2	
516	11074	2	
517	11076	2	
518	11078	2	
519	11135	2	
520	11157	2	
521	11170	2	
522	11178	2	
523	11187	2	
524	11242	2	
525	11251	2	
526	11261	2	
527	11263	2	
528	11269	2	
529	11302	2	
530	11305	2	
531	11307	2	
532	11337	2	
533	11512	2	
534	11552	2	
535	11555	2	
536	11566	2	
537	11669	2	
538	11693	2	
539	11768	2	
540	11783	2	
541	11848	2	
542	11868	2	
543	11970	2	
544	11986	2	
545	11994	2	
546	11995	2	
547	12007	2	
548	12011	2	
549	12021	2	
550	12030	2	
551	12037	2	
552	12044	2	
553	12050	2	
554	12067	2	
555	12072	2	
556	12075	2	
557	12077	2	
558	12078	2	
559	12080	2	
560	12083	2	
561	12108	2	
562	12125	2	
563	12133	2	
564	12172	2	
565	12197	2	
566	12209	2	
567	12213	2	
568	12248	2	
569	12264	2	
570	12274	2	
571	12277	2	
572	12279	2	
573	12293	2	
574	12298	2	
575	12303	2	
576	12311	2	
577	12314	2	
578	12317	2	
579	12333	2	
580	12335	2	
581	12336	2	
582	12339	2	
583	12352	2	
584	12357	2	
585	12378	2	
586	12384	2	
587	12423	2	
588	12429	2	
589	12432	2	
590	12454	2	
591	12478	2	
592	12557	2	
593	12595	2	
594	12604	2	
595	12719	2	
596	12720	2	
597	12744	2	
598	12835	2	
599	12838	2	
600	12840	2	
601	12856	2	
602	12857	2	
603	12980	2	
604	13004	2	
605	13007	2	
606	13093	2	
607	13095	2	
608	13097	2	
609	13098	2	
610	13102	2	
611	13105	2	
612	13106	2	
613	13113	2	
614	13117	2	
615	13145	2	
616	13216	2	
617	13355	2	
618	13356	2	
619	13361	2	
620	13365	2	
621	13369	2	
622	13371	2	
623	13372	2	
624	13383	2	
625	13386	2	
626	13638	2	
627	13641	2	
628	13643	2	
629	13644	2	
630	13645	2	
631	13646	2	
632	13647	2	
633	13655	2	
634	13667	2	
635	13798	2	
636	13801	2	
637	13804	2	
638	13811	2	
639	13826	2	
640	13906	2	
641	13907	2	
642	13908	2	
643	13910	2	
644	13911	2	
645	13912	2	
646	13913	2	
647	13914	3	
648	13915	4	
649	13916	4	
650	13917	6	
651	13918	8	
652	13919	5	
653	13921	2	
654	13922	2	
655	13924	2	
656	13925	2	
657	13927	2	
658	13928	2	
659	13929	2	
660	13930	2	
661	13934	2	
662	13949	2	
663	14032	2	
664	14039	2	
665	14042	2	
666	14045	2	
667	14157	2	
668	14168	2	
669	14169	2	
670	14170	2	
671	14171	2	
672	14173	2	
673	14174	3	
674	14175	7	
675	14176	6	
676	14177	11	
677	14178	7	
678	14179	5	
679	14180	5	
680	14181	4	
681	14182	3	
682	14183	3	
683	14184	3	
684	14185	2	
685	14186	4	
686	14187	2	
687	14188	3	
688	14193	2	
689	14195	2	
690	14308	2	
691	14312	2	
692	14320	2	
693	14325	2	
694	14344	2	
695	14365	2	
696	14401	2	
697	14438	2	
698	14444	2	
699	14449	2	
700	14450	2	
701	14451	2	
702	14453	2	
703	14454	2	
704	14456	2	
705	14457	2	
706	14458	2	
707	14460	2	
708	14463	2	
709	14464	2	
710	14465	2	
711	14466	2	
712	14467	2	
713	14468	2	
714	14470	2	
715	14471	2	
716	14472	2	
717	14473	2	
718	14474	2	
719	14475	2	
720	14476	2	
721	14477	3	
722	14478	4	
723	14479	2	
724	14480	4	
725	14481	3	
726	14482	6	
727	14483	6	
728	14484	10	
729	14485	8	
730	14486	10	
731	14487	8	
732	14488	6	
733	14489	6	
734	14490	8	
735	14491	6	
736	14492	4	
737	14493	4	
738	14494	4	
739	14495	8	
740	14496	4	
741	14497	3	
742	14498	3	
743	14499	3	
744	14500	3	
745	14501	2	
746	14502	2	
747	14503	2	
748	14504	2	
749	14505	2	
750	14506	2	
751	14507	2	
752	14508	2	
753	14509	2	
754	14510	2	
755	14511	2	
756	14512	2	
757	14513	2	
758	14514	2	
759	14516	2	
760	14518	2	
761	14519	2	
762	14520	2	
763	14521	2	
764	14522	2	
765	14523	2	
766	14524	2	
767	14525	2	
768	14526	2	
769	14527	2	
770	14532	2	
771	14565	2	
772	14570	2	
773	14572	2	
774	14637	2	
775	14647	2	
