This run aims to check if discrepancy is less than 0.0154
each row contains covering data for one orbit at phi, i.e. z = sin(phi), with the range of indices of directions corresponding to this orbit and the expected confidence radius at it. dtheta shows the amount that directions vary horizontally at this orbit.
 fd = first direction, ld = last direction, #d = number of directions 

number,	phi,                	expected radius,    	dtheta,             	covered phi,        	fd,    	ld,    	#d,    	

1,     	1.539624677337,     	0.009204012557,     	0.303699084644,     	1.531922141187,     	0,     	11,    	12,    	
2,     	1.513398220984,     	0.020470996595,     	0.375228505041,     	1.496565025019,     	12,    	21,    	10,    	
3,     	1.480375036464,     	0.018290420067,     	0.20993203294,      	1.464943057136,     	22,    	38,    	17,    	
4,     	1.449557362655,     	0.018004836021,     	0.154494100473,     	1.434251188586,     	39,    	60,    	22,    	
5,     	1.418397390093,     	0.018389709311,     	0.137904589102,     	1.402735847851,     	61,    	86,    	26,    	
6,     	1.386863475701,     	0.018304183969,     	0.110841733779,     	1.37119632892,      	87,    	118,   	32,    	
7,     	1.356515030709,     	0.016866126318,     	0.079336609393,     	1.341540479218,     	119,   	156,   	38,    	
8,     	1.325927375597,     	0.018233592309,     	0.079156435196,     	1.310302559185,     	157,   	197,   	41,    	
9,     	1.294626729624,     	0.017973135108,     	0.075473080717,     	1.278783999902,     	198,   	243,   	46,    	
10,    	1.263046439573,     	0.018312349196,     	0.063741890592,     	1.247285838812,     	244,   	295,   	52,    	
11,    	1.232436859137,     	0.017240073623,     	0.059061603379,     	1.217020364131,     	296,   	351,   	56,    	
12,    	1.20214965241,      	0.017092934679,     	0.055926042262,     	1.186951463091,     	352,   	411,   	60,    	
13,    	1.171791907294,     	0.017446434659,     	0.054126705381,     	1.156647948498,     	412,   	477,   	66,    	
14,    	1.141786844966,     	0.017137711259,     	0.051993491535,     	1.126840708853,     	478,   	547,   	70,    	
15,    	1.112204764032,     	0.018481055617,     	0.048758363122,     	1.096285735621,     	548,   	619,   	72,    	
16,    	1.080994621208,     	0.017619829777,     	0.040134038032,     	1.065627729392,     	620,   	697,   	78,    	
17,    	1.050301884815,     	0.017641397585,     	0.035475563297,     	1.035091464611,     	698,   	780,   	83,    	
18,    	1.020088997572,     	0.017303618885,     	0.036439456663,     	1.005164204594,     	781,   	867,   	87,    	
19,    	0.990296723991,     	0.017153706149,     	0.031278444574,     	0.975496898829,     	868,   	960,   	93,    	
20,    	0.960956771307,     	0.016795450625,     	0.034256128819,     	0.946300680328,     	961,   	1056,  	96,    	
21,    	0.93314552077,      	0.015210605184,     	0.02891095696,      	0.919265025465,     	1057,  	1159,  	103,   	
22,    	0.907249416983,     	0.013919147448,     	0.031301912673,     	0.894445540553,     	1160,  	1270,  	111,   	
23,    	0.882991943472,     	0.013244877556,     	0.026472956514,     	0.871530262343,     	1271,  	1397,  	127,   	
24,    	0.861224923143,     	0.01195083075,      	0.0284320331,       	0.850895866194,     	1398,  	1530,  	133,   	
25,    	0.841493644373,     	0.010884587575,     	0.028549161011,     	0.831514082352,     	1531,  	1658,  	128,   	
26,    	0.822787129088,     	0.010109042355,     	0.019071635529,     	0.814046134318,     	1659,  	1802,  	144,   	
27,    	0.805408313219,     	0.011686769229,     	0.027430731862,     	0.795043580719,     	1803,  	1934,  	132,   	
28,    	0.785912832682,     	0.010560112831,     	0.027816915139,     	0.776758490417,     	1935,  	2076,  	142,   	
29,    	0.766371038821,     	0.01209700349,      	0.022624348342,     	0.75591220836,      	2077,  	2223,  	147,   	
30,    	0.746283154981,     	0.01110825973,      	0.026791919574,     	0.736677283758,     	2224,  	2360,  	137,   	
31,    	0.729346986814,     	0.008591348295,     	0.025589987207,     	0.721492520751,     	2361,  	2513,  	153,   	
32,    	0.712955206126,     	0.009866808424,     	0.025619040289,     	0.703861592948,     	2514,  	2657,  	144,   	
33,    	0.694335409129,     	0.010989726419,     	0.021614144216,     	0.683683620662,     	2658,  	2808,  	151,   	
34,    	0.673872458347,     	0.011509369323,     	0.015725993512,     	0.6639181655,       	2809,  	2970,  	162,   	
35,    	0.654116688777,     	0.01139323744,      	0.022348762807,     	0.644253959189,     	2971,  	3122,  	152,   	
36,    	0.633889904391,     	0.012001223749,     	0.020788616158,     	0.623509649717,     	3123,  	3280,  	158,   	
37,    	0.614672661559,     	0.01020154274,      	0.020973544669,     	0.605192670156,     	3281,  	3444,  	164,   	
38,    	0.595839734494,     	0.010830584148,     	0.02141279701,      	0.587646226143,     	3445,  	3602,  	158,   	
39,    	0.577760608822,     	0.011407881068,     	0.013618402154,     	0.567891593128,     	3603,  	3773,  	171,   	
40,    	0.55593225236,      	0.013814932471,     	0.02034844872,      	0.54398280222,      	3774,  	3940,  	167,   	
41,    	0.531647176142,     	0.014229793561,     	0.018787914449,     	0.519338492256,     	3941,  	4101,  	161,   	
42,    	0.50812855809,      	0.012944974113,     	0.019577463138,     	0.496842834846,     	4102,  	4271,  	170,   	
43,    	0.4866730885,       	0.012016537261,     	0.017923171518,     	0.475971274982,     	4272,  	4450,  	179,   	
44,    	0.46461467975,      	0.013165777862,     	0.019024731037,     	0.453223477175,     	4451,  	4627,  	177,   	
45,    	0.442214843728,     	0.012713960669,     	0.019145135418,     	0.431213649957,     	4628,  	4803,  	176,   	
46,    	0.420891126681,     	0.011944584125,     	0.019734660524,     	0.410184768361,     	4804,  	4984,  	181,   	
47,    	0.39916894757,      	0.012741168661,     	0.019501670174,     	0.388143182328,     	4985,  	5168,  	184,   	
48,    	0.377237803449,     	0.012599907235,     	0.015798002631,     	0.366333682319,     	5169,  	5350,  	182,   	
49,    	0.356283539228,     	0.011629422871,     	0.017764370903,     	0.345809082647,     	5351,  	5539,  	189,   	
50,    	0.335687710445,     	0.011711485586,     	0.018303418662,     	0.325329699674,     	5540,  	5735,  	196,   	
51,    	0.314508452939,     	0.012535789698,     	0.018855261586,     	0.3034481072,       	5736,  	5924,  	189,   	
52,    	0.29147517008,      	0.013868812408,     	0.018053811556,     	0.279471447331,     	5925,  	6110,  	186,   	
53,    	0.269716067721,     	0.011285234049,     	0.017152447924,     	0.259819478325,     	6111,  	6304,  	194,   	
54,    	0.249607071265,     	0.011788463776,     	0.017174675528,     	0.239284679495,     	6305,  	6499,  	195,   	
55,    	0.23061892438,      	0.010030660318,     	0.019694019321,     	0.220879142239,     	6500,  	6693,  	194,   	
56,    	0.210486488357,     	0.012027729334,     	0.015289108594,     	0.199715572433,     	6694,  	6893,  	200,   	
57,    	0.188636971474,     	0.012810301279,     	0.016284736172,     	0.177546689585,     	6894,  	7093,  	200,   	
58,    	0.167061370722,     	0.012121815322,     	0.016198423977,     	0.156533527073,     	7094,  	7289,  	196,   	
59,    	0.146442716661,     	0.011656230492,     	0.017639611261,     	0.135886619292,     	7290,  	7491,  	202,   	
60,    	0.126108538904,     	0.011312157304,     	0.01632559015,      	0.115911725477,     	7492,  	7699,  	208,   	
61,    	0.105503337497,     	0.012024758605,     	0.017583580349,     	0.095031704248,     	7700,  	7899,  	200,   	
62,    	0.084510603543,     	0.012154250922,     	0.016575876902,     	0.073986148249,     	7900,  	8101,  	202,   	
63,    	0.065568845273,     	0.009766090127,     	0.016233836689,     	0.05724675081,      	8102,  	8314,  	213,   	
64,    	0.048607341429,     	0.013554206062,     	0.015362070179,     	0.036869992117,     	8315,  	8513,  	199,   	
65,    	0.027274894161,     	0.011083797455,     	0.013385965633,     	0.01767636466,      	8514,  	8727,  	214,   	
66,    	0.009952416185,     	0.011621547607,     	0.016577176594,     	-0.000112084507,    	8728,  	8931,  	204,   	
