number	direction_ind	# of covercap	
0	7	2	
1	71	2	
2	156	2	
3	197	2	
4	247	2	
5	261	2	
6	267	2	
7	294	2	
8	357	2	
9	367	2	
10	373	2	
11	376	2	
12	386	2	
13	389	2	
14	397	2	
15	408	2	
16	413	2	
17	538	2	
18	579	2	
19	658	2	
20	665	2	
21	668	2	
22	670	2	
23	674	2	
24	706	2	
25	715	2	
26	806	2	
27	810	2	
28	884	2	
29	888	2	
30	929	2	
31	931	2	
32	941	2	
33	946	2	
34	958	2	
35	1006	2	
36	1009	2	
37	1012	2	
38	1016	2	
39	1023	2	
40	1027	2	
41	1065	2	
42	1067	2	
43	1089	2	
44	1094	2	
45	1111	2	
46	1165	2	
47	1182	2	
48	1202	2	
49	1215	2	
50	1281	2	
51	1297	2	
52	1305	2	
53	1306	2	
54	1307	2	
55	1309	2	
56	1310	2	
57	1312	2	
58	1313	2	
59	1314	2	
60	1317	2	
61	1318	2	
62	1319	2	
63	1328	2	
64	1373	2	
65	1374	2	
66	1377	2	
67	1379	2	
68	1393	2	
69	1396	2	
70	1397	2	
71	1401	2	
72	1402	2	
73	1403	2	
74	1411	2	
75	1412	2	
76	1414	2	
77	1416	2	
78	1421	2	
79	1430	2	
80	1437	2	
81	1462	2	
82	1469	2	
83	1483	2	
84	1528	2	
85	1530	2	
86	1533	2	
87	1534	2	
88	1535	2	
89	1536	2	
90	1637	2	
91	1644	2	
92	1650	2	
93	1652	2	
94	1656	2	
95	1657	2	
96	1663	2	
97	1670	2	
98	1672	2	
99	1674	2	
100	1717	2	
101	1763	2	
102	1765	2	
103	1767	2	
104	1770	2	
105	1775	2	
106	1776	2	
107	1777	2	
108	1778	2	
109	1781	2	
110	1906	2	
111	1907	2	
112	1974	2	
113	2016	2	
114	2037	2	
115	2038	2	
116	2044	2	
117	2045	2	
118	2046	2	
119	2052	2	
120	2053	2	
121	2102	2	
122	2109	2	
123	2119	2	
124	2169	2	
125	2170	2	
126	2172	2	
127	2174	2	
128	2235	2	
129	2243	2	
130	2258	2	
131	2301	2	
132	2308	2	
133	2333	2	
134	2668	2	
135	2678	2	
136	2684	2	
137	2687	2	
138	2738	2	
139	2740	2	
140	2777	2	
141	2814	2	
142	2833	2	
143	2837	2	
144	2856	2	
145	2996	2	
146	3163	2	
147	3165	2	
148	3167	2	
149	3176	2	
150	3316	2	
151	3334	2	
152	3335	2	
153	3337	2	
154	3368	2	
155	3504	2	
156	3507	2	
157	3509	2	
158	3552	2	
159	3672	2	
160	3675	2	
161	3677	2	
162	3680	2	
163	3687	2	
164	3734	2	
165	3735	2	
166	3736	2	
167	3859	2	
168	3928	2	
169	3933	2	
170	4119	2	
171	4401	2	
172	4414	2	
173	4415	2	
174	4416	2	
175	4417	2	
176	4418	2	
177	4420	2	
178	4501	2	
179	4502	2	
180	4504	2	
181	4505	2	
182	4506	2	
183	4513	2	
184	4610	2	
185	4703	2	
186	4797	2	
187	4802	2	
188	4803	2	
189	4805	2	
190	4807	2	
191	4809	2	
192	4892	2	
193	4895	2	
194	4896	2	
195	4898	2	
196	4901	2	
197	5086	2	
198	5144	2	
199	5151	2	
200	5154	2	
201	5172	2	
202	5175	2	
203	5176	2	
204	5177	2	
205	5180	2	
206	5181	2	
207	5184	2	
208	5185	2	
209	5186	2	
210	5187	2	
211	5189	2	
212	5190	2	
213	5191	2	
214	5193	2	
215	5195	2	
216	5197	2	
217	5226	2	
218	5248	2	
219	5274	2	
220	5281	2	
221	5283	2	
222	5285	2	
223	5287	2	
224	5288	2	
225	5289	2	
226	5290	2	
227	5292	2	
228	5295	2	
229	5297	2	
230	5299	2	
231	5301	2	
232	5318	2	
233	5328	2	
234	5330	2	
235	5369	2	
236	5371	2	
237	5377	2	
238	5378	2	
239	5384	2	
240	5385	2	
241	5485	2	
242	5490	2	
243	5494	2	
244	5497	2	
245	5504	2	
246	5505	2	
247	5513	2	
248	5515	2	
249	5517	2	
250	5556	2	
251	5582	2	
252	5586	2	
253	5587	2	
254	5589	2	
255	5591	2	
256	5592	2	
257	5593	2	
258	5594	2	
259	5595	2	
260	5597	2	
261	5600	2	
262	5602	2	
263	5603	2	
264	5672	2	
265	5700	2	
266	5702	2	
267	5706	2	
268	5707	2	
269	5708	2	
270	5709	2	
271	5710	2	
272	5711	2	
273	5715	2	
274	5737	2	
275	5747	2	
276	5759	2	
277	5786	2	
278	5791	2	
279	5796	2	
280	5797	2	
281	5798	2	
282	5799	2	
283	5801	2	
284	5802	2	
285	5803	2	
286	5805	2	
287	5807	2	
288	5810	2	
289	5812	2	
290	5819	2	
291	5825	2	
292	5835	2	
293	5878	2	
294	5914	2	
295	5916	2	
296	5918	2	
297	5919	3	
298	5921	2	
299	5922	2	
300	5926	2	
301	5942	2	
302	5946	2	
303	5956	2	
304	6007	2	
305	6012	2	
306	6013	2	
307	6019	2	
308	6133	2	
309	6220	2	
310	6223	2	
311	6225	2	
312	6343	2	
313	6347	2	
314	6348	2	
315	6429	2	
316	6430	2	
317	6432	2	
318	6560	2	
319	6561	2	
320	6580	2	
321	6611	2	
322	6633	2	
323	6644	2	
324	6645	2	
325	6646	2	
326	6782	2	
327	6783	2	
328	6784	2	
329	6807	2	
330	6819	2	
331	6825	2	
332	6827	2	
333	6829	2	
334	6831	2	
335	6833	2	
336	6835	2	
337	6838	2	
338	6840	2	
339	6843	2	
340	6846	2	
341	6850	2	
342	6865	2	
343	6867	2	
344	6868	2	
345	6869	2	
346	6870	2	
347	6880	2	
348	6882	2	
349	6889	2	
350	6915	2	
351	6919	2	
352	6927	2	
353	6934	2	
354	6949	2	
355	6972	2	
356	6973	2	
357	6974	2	
358	6978	2	
359	6983	2	
360	6984	2	
361	6987	2	
362	6989	2	
363	6991	2	
364	6994	2	
365	7000	2	
366	7008	2	
367	7009	2	
368	7010	2	
369	7011	2	
370	7026	2	
371	7033	2	
372	7035	2	
373	7036	2	
374	7039	2	
375	7041	2	
376	7043	2	
377	7045	2	
378	7047	2	
379	7048	2	
380	7055	2	
381	7059	2	
382	7061	2	
383	7068	2	
384	7079	2	
385	7089	2	
386	7091	2	
387	7092	2	
388	7093	2	
389	7094	2	
390	7104	2	
391	7109	2	
392	7111	2	
393	7121	2	
394	7131	2	
395	7136	2	
396	7138	2	
397	7166	2	
398	7167	2	
399	7168	2	
400	7170	2	
401	7172	2	
402	7177	2	
403	7184	2	
404	7200	2	
405	7218	2	
406	7223	2	
407	7225	2	
408	7228	2	
409	7232	2	
410	7235	2	
411	7239	2	
412	7240	2	
413	7241	2	
414	7244	2	
415	7264	2	
416	7271	2	
417	7287	2	
418	7289	2	
419	7295	2	
420	7304	2	
421	7314	2	
422	7321	2	
423	7322	2	
424	7323	2	
425	7337	2	
426	7338	2	
427	7346	2	
428	7382	2	
429	7391	2	
430	7399	2	
431	7409	2	
432	7411	2	
433	7418	2	
434	7420	2	
435	7428	2	
436	7438	2	
437	7443	2	
438	7451	2	
439	7459	2	
440	7462	2	
441	7467	2	
442	7474	2	
443	7475	2	
444	7492	2	
445	7509	2	
446	7511	2	
447	7513	2	
448	7516	2	
449	7532	2	
450	7535	2	
451	7555	2	
452	7556	2	
453	7577	2	
454	7580	2	
455	7595	2	
456	7596	2	
457	7618	2	
458	7646	2	
459	7653	2	
460	7692	2	
461	7711	2	
462	7712	2	
463	7714	2	
464	7743	2	
465	7747	2	
466	7756	2	
467	7791	2	
468	7830	2	
469	7890	2	
470	7904	2	
471	7942	2	
472	7946	2	
473	8016	2	
474	8078	2	
475	8149	2	
476	8257	2	
477	8259	2	
478	8261	2	
479	8272	2	
480	8309	2	
481	8311	2	
482	8413	2	
483	8428	2	
484	8434	2	
485	8474	2	
486	8488	2	
487	8490	2	
488	8498	2	
489	8499	2	
490	8502	2	
491	8514	2	
492	8611	2	
493	8653	2	
494	8655	2	
495	8657	2	
496	8664	2	
497	8720	2	
498	8729	2	
499	8732	2	
500	8733	2	
501	8735	2	
502	8750	2	
503	8763	2	
504	8776	2	
505	8783	2	
506	8882	2	
507	8886	2	
508	8896	2	
509	8902	2	
510	8906	2	
511	8911	2	
512	8969	2	
513	8970	2	
514	9149	2	
515	9194	2	
516	9202	2	
517	9211	2	
518	9216	2	
519	9217	2	
520	9222	2	
521	9224	2	
522	9225	2	
523	9232	2	
524	9233	2	
525	9244	2	
526	9262	2	
527	9264	2	
528	9271	2	
529	9275	2	
530	9279	2	
531	9317	2	
532	9340	2	
533	9392	2	
534	9396	2	
535	9399	2	
536	9400	2	
537	9404	2	
538	9407	2	
539	9437	2	
540	9456	2	
541	9460	2	
542	9462	2	
543	9464	2	
544	9465	2	
545	9468	2	
546	9470	2	
547	9471	2	
548	9472	2	
549	9474	2	
550	9476	2	
551	9478	2	
552	9492	2	
553	9507	2	
554	9594	2	
555	9618	2	
556	9624	2	
557	9640	2	
558	9642	2	
559	9643	2	
560	9645	2	
561	9647	2	
562	9648	2	
563	9650	2	
564	9666	2	
565	9673	2	
566	9717	2	
567	9720	2	
568	9731	2	
569	9741	2	
570	9870	2	
571	9943	2	
572	9948	2	
573	9949	2	
574	9952	2	
575	9953	2	
576	9966	2	
577	9972	2	
578	9985	2	
579	9989	2	
580	9990	2	
581	9991	2	
582	9993	2	
583	9994	2	
584	9997	2	
585	10013	2	
586	10023	2	
587	10025	2	
588	10033	2	
589	10051	2	
590	10062	2	
591	10067	2	
592	10077	2	
593	10102	2	
594	10107	2	
595	10110	2	
596	10115	2	
597	10127	2	
598	10129	2	
599	10136	2	
600	10140	2	
601	10142	2	
602	10146	2	
603	10154	2	
604	10206	2	
605	10239	2	
606	10356	2	
607	10446	2	
608	10448	2	
609	10452	2	
610	10458	2	
611	10464	2	
612	10502	2	
613	10608	2	
614	10610	2	
615	10633	2	
616	10635	2	
617	10639	2	
618	10649	2	
619	10655	2	
620	10945	2	
621	10951	2	
622	10969	2	
623	11041	2	
624	11044	2	
625	11089	2	
626	11173	2	
627	11182	2	
628	11208	2	
629	11226	2	
630	11307	2	
631	11334	2	
632	11335	2	
633	11367	2	
634	11394	2	
635	11436	2	
636	11465	2	
637	11532	2	
638	11626	2	
639	11693	2	
640	11721	2	
641	11732	2	
642	11824	2	
643	11976	2	
644	11978	2	
645	11998	2	
646	12043	2	
647	12051	2	
648	12077	2	
649	12084	2	
650	12087	2	
651	12105	2	
652	12137	2	
653	12140	2	
654	12205	2	
655	12212	2	
656	12233	2	
657	12234	2	
658	12239	2	
659	12255	2	
660	12256	2	
661	12257	2	
662	12258	2	
663	12302	2	
664	12320	2	
665	12322	2	
666	12326	2	
667	12331	2	
668	12335	2	
669	12338	2	
670	12340	2	
671	12342	2	
672	12345	2	
673	12347	2	
674	12360	2	
675	12361	2	
676	12364	2	
677	12367	2	
678	12377	2	
679	12388	2	
680	12428	2	
681	12450	2	
682	12453	2	
683	12456	2	
684	12457	2	
685	12464	2	
686	12485	2	
687	12571	2	
688	12591	2	
689	12654	2	
690	12669	2	
691	12755	2	
692	12782	2	
693	12811	2	
694	12833	2	
695	12836	2	
696	12854	2	
697	12866	2	
698	12872	2	
699	12874	2	
700	12877	2	
701	12880	2	
702	12888	2	
703	12891	2	
704	12893	2	
705	12895	2	
706	12900	2	
707	12903	2	
708	12906	2	
709	12908	2	
710	13035	2	
711	13043	2	
712	13115	2	
713	13117	2	
714	13136	2	
715	13145	2	
716	13147	2	
717	13148	2	
718	13150	2	
719	13165	2	
720	13170	2	
721	13197	2	
722	13267	2	
723	13295	2	
724	13391	2	
725	13393	2	
726	13416	2	
727	13446	2	
728	13557	2	
729	13571	2	
730	13574	2	
731	13656	2	
732	13661	2	
733	13672	2	
734	13677	2	
735	13679	2	
736	13680	2	
737	13682	2	
738	13683	2	
739	13685	2	
740	13698	2	
741	13704	2	
742	13723	2	
743	13825	2	
744	13828	2	
745	13943	2	
746	13948	2	
747	13956	2	
748	13957	2	
749	13960	2	
750	13972	2	
751	13976	2	
752	13996	2	
753	14136	2	
754	14217	2	
755	14222	2	
756	14224	2	
757	14227	2	
758	14229	2	
759	14232	2	
760	14235	2	
761	14236	2	
762	14237	2	
763	14238	2	
764	14239	2	
765	14241	2	
766	14243	2	
767	14249	2	
768	14252	2	
769	14255	2	
770	14260	2	
771	14265	2	
772	14267	2	
773	14270	2	
774	14502	2	
775	14507	2	
776	14511	2	
777	14512	2	
778	14514	4	
779	14515	3	
780	14516	2	
781	14517	5	
782	14518	5	
783	14519	2	
784	14521	2	
785	14523	2	
786	14525	2	
787	14527	2	
788	14651	2	
789	14788	2	
790	14790	2	
791	14791	3	
792	14793	5	
793	14794	5	
794	14795	4	
795	14796	5	
796	14797	4	
797	14800	2	
798	14802	2	
799	14805	2	
800	14808	2	
801	14942	2	
802	15042	2	
803	15062	2	
804	15063	2	
805	15069	2	
806	15070	2	
807	15071	2	
808	15072	2	
809	15074	2	
810	15075	2	
811	15076	2	
812	15077	3	
813	15078	2	
814	15079	2	
815	15080	3	
816	15081	2	
817	15082	2	
818	15083	3	
819	15084	4	
820	15085	4	
821	15086	9	
822	15087	9	
823	15088	10	
824	15089	10	
825	15090	8	
826	15091	7	
827	15092	7	
828	15093	7	
829	15094	7	
830	15095	7	
831	15096	5	
832	15097	4	
833	15098	6	
834	15099	4	
835	15100	4	
836	15101	3	
837	15102	2	
838	15103	3	
839	15104	3	
840	15105	2	
841	15106	2	
842	15107	2	
843	15108	2	
844	15109	2	
845	15110	2	
846	15111	2	
847	15112	2	
848	15113	2	
849	15115	2	
850	15116	2	
851	15119	2	
852	15120	2	
853	15125	2	
