number	direction_ind	# of covercap	
0	2	2	
1	27	2	
2	49	2	
3	50	2	
4	51	2	
5	62	2	
6	115	2	
7	150	2	
8	178	2	
9	201	2	
10	202	2	
11	205	2	
12	208	2	
13	219	2	
14	226	2	
15	249	2	
16	255	2	
17	258	3	
18	313	2	
19	315	2	
20	317	2	
21	319	2	
22	360	2	
23	371	2	
24	375	2	
25	425	2	
26	433	2	
27	506	2	
28	510	2	
29	544	2	
30	546	2	
31	560	2	
32	568	2	
33	572	2	
34	610	2	
35	662	2	
36	664	2	
37	667	2	
38	668	2	
39	669	3	
40	674	2	
41	677	2	
42	678	2	
43	683	2	
44	738	2	
45	739	2	
46	740	2	
47	742	2	
48	744	2	
49	764	2	
50	811	2	
51	831	2	
52	833	2	
53	883	2	
54	886	2	
55	919	2	
56	921	2	
57	931	2	
58	973	2	
59	974	2	
60	1013	3	
61	1039	2	
62	1041	2	
63	1050	2	
64	1055	3	
65	1056	2	
66	1091	2	
67	1094	4	
68	1098	2	
69	1102	2	
70	1115	2	
71	1116	2	
72	1134	3	
73	1135	2	
74	1143	2	
75	1178	2	
76	1185	2	
77	1186	2	
78	1187	2	
79	1206	2	
80	1209	2	
81	1212	3	
82	1214	2	
83	1219	2	
84	1224	3	
85	1225	3	
86	1227	4	
87	1228	4	
88	1232	2	
89	1248	2	
90	1271	3	
91	1272	2	
92	1279	2	
93	1282	2	
94	1296	2	
95	1310	2	
96	1314	2	
97	1358	2	
98	1390	2	
99	1393	3	
100	1396	2	
101	1401	2	
102	1402	2	
103	1403	2	
104	1405	2	
105	1413	2	
106	1414	2	
107	1415	2	
108	1424	2	
109	1450	2	
110	1454	3	
111	1461	2	
112	1472	2	
113	1513	2	
114	1544	2	
115	1554	2	
116	1559	2	
117	1588	2	
118	1608	2	
119	1632	2	
120	1644	2	
121	1648	2	
122	1653	2	
123	1661	2	
124	1681	2	
125	1690	2	
126	1698	2	
127	1700	2	
128	1717	2	
129	1743	2	
130	1752	3	
131	1754	2	
132	1771	2	
133	1773	2	
134	1804	2	
135	1805	2	
136	1914	2	
137	1943	3	
138	1960	2	
139	1969	2	
140	1971	2	
141	1981	2	
142	1991	2	
143	1997	2	
144	2012	2	
145	2018	2	
146	2030	2	
147	2031	2	
148	2050	2	
149	2056	3	
150	2077	2	
151	2078	2	
152	2099	2	
153	2100	2	
154	2101	2	
155	2108	2	
156	2113	2	
157	2134	2	
158	2138	2	
159	2139	2	
160	2151	2	
161	2160	2	
162	2163	2	
163	2165	2	
164	2212	2	
165	2214	2	
166	2217	2	
167	2218	2	
168	2243	2	
169	2247	2	
170	2258	2	
171	2269	2	
172	2282	2	
173	2300	2	
174	2305	2	
175	2321	2	
176	2328	2	
177	2333	2	
178	2337	2	
179	2365	2	
180	2394	2	
181	2396	2	
182	2439	2	
183	2444	2	
184	2459	2	
185	2465	2	
186	2466	3	
187	2467	2	
188	2469	3	
189	2470	3	
190	2471	3	
191	2474	2	
192	2477	2	
193	2479	2	
194	2481	2	
195	2495	2	
196	2517	2	
197	2543	2	
198	2554	2	
199	2555	2	
200	2556	2	
201	2565	2	
202	2575	2	
203	2576	2	
204	2579	2	
205	2580	2	
206	2581	2	
207	2582	2	
208	2584	3	
209	2589	2	
210	2595	2	
211	2599	2	
212	2612	2	
213	2613	2	
214	2621	2	
215	2646	3	
216	2679	3	
217	2680	2	
218	2685	2	
219	2689	2	
220	2693	2	
221	2696	2	
222	2697	2	
223	2699	2	
224	2702	2	
225	2704	2	
226	2709	2	
227	2711	2	
228	2717	2	
229	2793	2	
230	2794	4	
231	2796	2	
232	2804	2	
233	2805	3	
234	2812	2	
235	2813	2	
236	2814	2	
237	2815	2	
238	2817	2	
239	2821	2	
240	2824	2	
241	2831	2	
242	2891	2	
243	2908	2	
244	2909	2	
245	2916	2	
246	2917	2	
247	2921	2	
248	2925	2	
249	2928	2	
250	2933	2	
251	2934	2	
252	2942	2	
253	2961	2	
254	3022	2	
255	3041	2	
256	3044	3	
257	3058	2	
258	3088	2	
259	3090	2	
260	3102	2	
261	3142	2	
262	3153	2	
263	3156	2	
264	3158	2	
265	3159	2	
266	3160	2	
267	3167	2	
268	3185	3	
269	3188	2	
270	3198	2	
271	3199	2	
272	3203	2	
273	3204	2	
274	3205	2	
275	3207	2	
276	3219	2	
277	3236	2	
278	3259	3	
279	3260	3	
280	3278	2	
281	3304	2	
282	3366	2	
283	3389	2	
284	3393	3	
285	3433	2	
286	3443	3	
287	3444	2	
288	3491	2	
289	3492	2	
290	3502	2	
291	3508	5	
292	3509	4	
293	3513	4	
294	3514	4	
295	3533	2	
296	3549	2	
297	3551	2	
298	3555	5	
299	3556	3	
300	3557	3	
301	3566	2	
302	3567	3	
303	3571	2	
304	3609	2	
305	3615	2	
306	3664	2	
307	3667	3	
308	3670	2	
309	3671	2	
310	3681	2	
311	3727	2	
312	3735	2	
313	3758	2	
314	3777	2	
315	3779	4	
316	3780	4	
317	3781	3	
318	3782	5	
319	3783	5	
320	3790	2	
321	3840	2	
322	3888	2	
323	3892	2	
324	3893	6	
325	3894	7	
326	3895	8	
327	3896	6	
328	3897	4	
329	3898	6	
330	3899	4	
331	3900	4	
332	3901	5	
333	3902	3	
334	3903	3	
335	3904	3	
336	3907	3	
337	3908	5	
338	3912	3	
339	3916	2	
340	3921	2	
341	3950	2	
342	3958	3	
343	3959	2	
344	3985	2	
345	3994	2	
346	4004	2	
347	4022	2	
348	4025	2	
349	4030	2	
350	4044	2	
351	4045	5	
352	4046	2	
353	4051	3	
354	4052	3	
355	4053	4	
356	4054	8	
357	4055	10	
358	4056	10	
359	4057	10	
360	4058	6	
361	4059	6	
362	4060	5	
363	4061	7	
364	4062	9	
365	4063	6	
366	4064	2	
367	4065	2	
368	4066	3	
369	4067	3	
370	4068	4	
371	4069	2	
372	4070	3	
373	4071	2	
374	4072	4	
375	4073	5	
376	4074	2	
377	4081	4	
378	4082	4	
379	4083	3	
380	4084	3	
381	4089	2	
382	4090	2	
383	4091	2	
384	4109	2	
385	4112	2	
386	4120	2	
387	4128	2	
388	4140	3	
389	4158	2	
390	4159	2	
391	4171	5	
392	4172	4	
393	4175	2	
394	4184	3	
395	4201	2	
396	4206	3	
397	4211	2	
398	4213	2	
399	4229	2	
400	4230	2	
401	4231	2	
402	4255	2	
403	4272	2	
404	4276	2	
405	4277	2	
406	4278	2	
407	4279	4	
408	4280	3	
409	4281	4	
410	4282	4	
411	4286	2	
412	4287	2	
413	4288	3	
414	4289	6	
415	4290	6	
416	4291	8	
417	4292	10	
418	4293	10	
419	4294	10	
420	4295	10	
421	4296	6	
422	4297	4	
423	4298	4	
424	4299	6	
425	4300	6	
426	4301	8	
427	4302	4	
428	4303	3	
429	4304	2	
430	4305	2	
431	4306	4	
432	4307	2	
433	4308	3	
434	4309	3	
435	4311	2	
436	4312	2	
437	4313	3	
438	4314	4	
439	4317	2	
440	4321	2	
441	4324	3	
442	4325	6	
443	4326	3	
444	4333	2	
445	4334	2	
446	4336	2	
447	4339	2	
448	4340	2	
449	4362	2	
450	4371	2	
451	4372	2	
452	4390	2	
453	4396	3	
454	4398	2	
455	4407	2	
456	4418	2	
457	4419	2	
458	4420	2	
459	4421	2	
