number	direction_ind	# of covercap	
0	51	2	
1	61	2	
2	178	2	
3	210	2	
4	246	2	
5	247	2	
6	312	2	
7	362	2	
8	368	2	
9	384	2	
10	409	2	
11	424	2	
12	488	2	
13	527	2	
14	542	2	
15	554	2	
16	555	2	
17	567	2	
18	582	2	
19	586	2	
20	587	2	
21	590	2	
22	595	2	
23	599	2	
24	607	2	
25	609	2	
26	610	2	
27	611	2	
28	618	2	
29	640	2	
30	649	2	
31	655	2	
32	656	2	
33	678	2	
34	681	2	
35	691	2	
36	705	2	
37	719	2	
38	725	2	
39	928	2	
40	932	2	
41	933	2	
42	934	2	
43	935	2	
44	936	2	
45	938	2	
46	939	2	
47	940	2	
48	944	2	
49	949	2	
50	950	2	
51	951	2	
52	955	2	
53	956	2	
54	957	2	
55	961	2	
56	977	2	
57	1006	2	
58	1015	2	
59	1024	2	
60	1029	2	
61	1036	2	
62	1046	2	
63	1066	2	
64	1070	2	
65	1072	2	
66	1081	2	
67	1083	2	
68	1086	2	
69	1088	2	
70	1100	2	
71	1104	2	
72	1137	2	
73	1150	2	
74	1163	2	
75	1199	2	
76	1205	2	
77	1209	2	
78	1218	2	
79	1223	2	
80	1242	2	
81	1253	2	
82	1254	2	
83	1264	2	
84	1277	2	
85	1310	2	
86	1362	2	
87	1364	2	
88	1369	2	
89	1372	2	
90	1401	2	
91	1445	2	
92	1493	2	
93	1526	2	
94	1541	2	
95	1608	2	
96	1615	2	
97	1632	2	
98	1637	2	
99	1686	2	
100	1743	2	
101	1748	2	
102	1750	2	
103	1754	2	
104	1764	2	
105	1765	2	
106	1766	2	
107	1767	2	
108	1771	2	
109	1777	2	
110	1778	2	
111	1784	2	
112	1789	2	
113	1855	2	
114	1856	2	
115	1863	2	
116	1869	2	
117	1870	2	
118	1871	2	
119	1876	2	
120	1879	2	
121	1911	2	
122	1979	2	
123	2011	2	
124	2013	2	
125	2020	2	
126	2021	2	
127	2022	2	
128	2023	2	
129	2025	2	
130	2096	2	
131	2134	2	
132	2147	2	
133	2156	2	
134	2161	2	
135	2162	2	
136	2168	2	
137	2169	2	
138	2307	2	
139	2314	2	
140	2315	2	
141	2318	2	
142	2324	2	
143	2347	2	
144	2377	2	
145	2457	2	
146	2464	2	
147	2580	2	
148	2650	2	
149	2670	2	
150	2692	2	
151	2696	2	
152	2701	2	
153	2728	2	
154	2763	2	
155	2774	2	
156	2778	2	
157	2786	2	
158	2795	2	
159	2796	2	
160	2817	2	
161	2824	2	
162	2832	2	
163	2839	2	
164	2847	2	
165	2851	2	
166	2852	2	
167	2855	2	
168	2857	2	
169	2858	2	
170	2859	2	
171	2862	2	
172	2866	2	
173	2870	2	
174	2878	2	
175	2888	2	
176	2918	2	
177	2921	2	
178	3263	2	
179	3320	2	
180	3332	2	
181	3366	2	
182	3474	2	
183	3502	2	
184	3507	2	
185	3518	2	
186	3537	2	
187	3538	2	
188	3542	2	
189	3543	2	
190	3552	2	
191	3579	2	
192	3674	2	
193	3680	2	
194	3685	2	
195	3688	2	
196	3696	2	
197	3697	2	
198	3699	2	
199	3701	2	
200	3705	2	
201	3709	2	
202	3720	2	
203	3721	2	
204	3878	2	
205	3882	2	
206	3885	2	
207	3888	2	
208	3891	2	
209	3894	2	
210	3897	2	
211	4055	2	
212	4058	2	
213	4060	2	
214	4061	2	
215	4063	2	
216	4095	2	
217	4098	2	
218	4101	2	
219	4104	2	
220	4453	2	
221	4454	2	
222	4455	2	
223	4456	2	
224	4457	2	
225	4458	2	
226	4460	2	
227	4461	2	
228	4519	2	
229	4521	2	
230	4522	2	
231	4523	2	
232	4655	2	
233	4658	2	
234	4659	2	
235	4660	2	
236	4726	2	
237	4855	2	
238	4856	2	
239	4857	2	
240	4858	2	
241	4932	2	
242	4934	2	
243	4939	2	
244	5059	2	
245	5273	2	
246	5482	2	
247	5483	2	
248	5484	3	
249	5485	2	
250	5486	2	
251	5488	2	
252	5569	2	
253	5572	2	
254	5574	2	
255	5576	3	
256	5577	2	
257	5578	2	
258	5579	2	
259	5597	2	
260	5688	2	
261	5689	2	
262	5690	2	
263	5787	2	
264	5788	2	
265	5790	2	
266	5885	2	
267	5894	2	
268	5897	2	
269	5899	2	
270	5900	2	
271	5902	2	
272	6003	2	
273	6004	2	
274	6005	2	
275	6006	2	
276	6007	2	
277	6008	2	
278	6011	2	
279	6061	2	
280	6063	2	
281	6069	2	
282	6102	2	
283	6103	2	
284	6104	2	
285	6110	2	
286	6113	2	
287	6114	2	
288	6115	2	
289	6116	2	
290	6117	2	
291	6118	2	
292	6119	2	
293	6122	2	
294	6224	2	
295	6225	2	
296	6226	2	
297	6227	2	
298	6228	2	
299	6229	2	
300	6230	2	
301	6233	2	
302	6235	2	
303	6248	2	
304	6288	2	
305	6326	2	
306	6327	2	
307	6330	2	
308	6331	2	
309	6335	2	
310	6336	2	
311	6337	2	
312	6338	2	
313	6339	2	
314	6340	2	
315	6341	2	
316	6406	2	
317	6409	2	
318	6410	2	
319	6452	2	
320	6453	2	
321	6455	2	
322	6456	2	
323	6457	2	
324	6461	2	
325	6465	2	
326	6466	2	
327	6507	2	
328	6563	2	
329	6565	2	
330	6568	2	
331	6616	2	
332	6687	2	
333	6689	2	
334	6691	2	
335	6699	2	
336	6746	2	
337	6748	2	
338	6751	2	
339	6767	2	
340	6768	2	
341	6781	2	
342	6783	2	
343	6784	2	
344	6786	2	
345	6787	2	
346	6788	2	
347	6791	2	
348	6795	2	
349	6797	2	
350	6798	2	
351	6799	2	
352	6800	2	
353	6801	2	
354	6802	2	
355	6804	2	
356	6806	2	
357	6840	2	
358	6884	2	
359	6887	2	
360	6921	2	
361	6923	2	
362	6925	2	
363	6927	2	
364	6928	2	
365	6929	2	
366	6930	2	
367	6935	2	
368	6936	2	
369	6937	2	
370	6939	2	
371	6941	2	
372	6943	2	
373	6955	2	
374	6963	2	
375	6965	2	
376	6975	2	
377	6979	2	
378	6982	2	
379	6986	2	
380	6998	2	
381	7022	2	
382	7032	2	
383	7033	2	
384	7035	2	
385	7036	2	
386	7038	2	
387	7039	2	
388	7052	2	
389	7072	2	
390	7150	2	
391	7164	2	
392	7166	2	
393	7167	2	
394	7169	2	
395	7170	2	
396	7173	2	
397	7196	2	
398	7270	2	
399	7406	2	
400	7410	2	
401	7471	2	
402	7507	2	
403	7510	2	
404	7511	2	
405	7514	2	
406	7639	2	
407	7646	2	
408	7746	2	
409	7883	2	
410	7939	2	
411	7975	2	
412	7979	2	
413	7982	2	
414	7985	2	
415	7998	2	
416	8035	2	
417	8126	2	
418	8130	2	
419	8131	2	
420	8186	2	
421	8194	2	
422	8198	2	
423	8201	2	
424	8215	2	
425	8218	2	
426	8222	2	
427	8223	2	
428	8224	2	
429	8225	2	
430	8226	2	
431	8229	2	
432	8245	2	
433	8256	2	
434	8288	2	
435	8315	2	
436	8347	2	
437	8360	2	
438	8367	2	
439	8377	2	
440	8378	2	
441	8379	2	
442	8380	2	
443	8385	2	
444	8424	2	
445	8426	2	
446	8445	2	
447	8449	2	
448	8467	2	
449	8469	2	
450	8470	2	
451	8471	2	
452	8477	2	
453	8481	2	
454	8486	2	
455	8491	2	
456	8492	2	
457	8515	2	
458	8525	2	
459	8529	2	
460	8560	2	
461	8563	2	
462	8576	2	
463	8586	2	
464	8600	2	
465	8610	2	
466	8613	2	
467	8624	2	
468	8628	2	
469	8629	2	
470	8631	2	
471	8632	2	
472	8636	2	
473	8644	2	
474	8678	2	
475	8723	2	
476	8731	2	
477	8765	2	
478	8848	2	
479	8852	2	
480	8877	2	
481	8934	2	
482	8956	2	
483	9004	2	
484	9134	2	
485	9154	2	
486	9231	2	
487	9242	2	
488	9243	2	
489	9245	2	
490	9271	2	
491	9282	2	
492	9296	2	
493	9315	2	
494	9330	2	
495	9348	2	
496	9350	2	
497	9354	2	
498	9373	2	
499	9377	2	
500	9412	2	
501	9414	2	
502	9415	2	
503	9416	2	
504	9423	2	
505	9434	2	
506	9448	2	
507	9450	2	
508	9455	2	
509	9503	2	
510	9505	2	
511	9510	2	
512	9560	2	
513	9616	2	
514	9645	2	
515	9648	2	
516	9678	2	
517	9764	2	
518	9808	2	
519	9814	2	
520	9817	2	
521	9828	2	
522	9869	2	
523	9875	2	
524	9876	2	
525	9879	2	
526	9883	2	
527	9886	2	
528	9906	2	
529	9931	2	
530	9935	2	
531	9937	2	
532	9944	2	
533	10207	2	
534	10342	2	
535	10345	2	
536	10349	2	
537	10359	2	
538	10394	2	
539	10404	2	
540	10410	2	
541	10449	2	
542	10453	2	
543	10457	2	
544	10508	2	
545	10516	2	
546	10537	2	
547	10549	2	
548	10606	2	
549	10609	2	
550	10730	2	
551	10774	2	
552	10802	2	
553	10810	2	
554	10870	2	
555	10878	2	
556	10943	2	
557	11034	2	
558	11048	2	
559	11050	2	
560	11052	2	
561	11059	2	
562	11065	2	
563	11075	2	
564	11078	2	
565	11086	2	
566	11089	2	
567	11090	2	
568	11106	2	
569	11110	2	
570	11125	2	
571	11142	2	
572	11143	2	
573	11145	2	
574	11147	2	
575	11149	2	
576	11155	2	
577	11162	2	
578	11209	2	
579	11216	2	
580	11218	2	
581	11219	2	
582	11223	2	
583	11251	2	
584	11259	2	
585	11273	2	
586	11275	2	
587	11276	2	
588	11277	2	
589	11280	2	
590	11290	2	
591	11295	2	
592	11308	2	
593	11317	2	
594	11363	2	
595	11382	2	
596	11498	2	
597	11544	2	
598	11638	2	
599	11640	2	
600	11644	2	
601	11684	2	
602	11699	2	
603	11700	2	
604	11777	2	
605	11786	2	
606	11803	2	
607	11829	2	
608	11836	2	
609	11837	2	
610	11839	2	
611	11847	2	
612	11863	2	
613	11883	2	
614	11885	2	
615	11892	2	
616	11910	2	
617	11915	2	
618	11917	2	
619	11935	2	
620	11946	2	
621	11947	2	
622	11964	2	
623	11966	2	
624	11977	2	
625	11979	2	
626	11987	2	
627	12049	2	
628	12054	2	
629	12059	2	
630	12068	2	
631	12070	2	
632	12072	2	
633	12109	2	
634	12113	2	
635	12114	2	
636	12117	2	
637	12123	2	
638	12125	2	
639	12132	2	
640	12134	2	
641	12141	2	
642	12142	2	
643	12179	2	
644	12187	2	
645	12200	2	
646	12396	2	
647	12458	2	
648	12471	2	
649	12679	2	
650	12699	2	
651	12700	2	
652	12707	2	
653	12723	2	
654	12730	2	
655	12731	2	
656	12733	2	
657	12739	2	
658	12812	2	
659	12827	2	
660	12892	2	
661	12898	2	
662	12920	2	
663	12940	2	
664	12952	2	
665	12955	2	
666	12965	2	
667	12969	2	
668	12973	2	
669	12977	2	
670	12979	2	
671	12980	2	
672	12987	2	
673	13001	2	
674	13016	2	
675	13022	2	
676	13024	2	
677	13031	2	
678	13033	2	
679	13034	2	
680	13066	2	
681	13067	2	
682	13070	2	
683	13074	2	
684	13099	2	
685	13109	2	
686	13123	2	
687	13170	2	
688	13179	2	
689	13181	2	
690	13202	2	
691	13205	2	
692	13234	2	
693	13236	2	
694	13238	2	
695	13250	2	
696	13261	2	
697	13263	2	
698	13285	2	
699	13287	2	
700	13296	2	
701	13297	2	
702	13304	2	
703	13310	2	
704	13312	2	
705	13318	2	
706	13349	2	
707	13391	2	
708	13434	2	
709	13442	2	
710	13463	2	
711	13484	2	
712	13510	2	
713	13512	2	
714	13514	2	
715	13524	2	
716	13536	2	
717	13538	2	
718	13549	2	
719	13551	2	
720	13554	2	
721	13883	2	
722	13912	2	
723	13944	2	
724	13974	2	
725	14011	2	
726	14042	2	
727	14102	2	
728	14122	2	
729	14163	2	
730	14173	2	
731	14176	2	
732	14179	2	
733	14210	2	
734	14242	2	
735	14315	2	
736	14391	2	
737	14394	2	
738	14397	2	
739	14407	2	
740	14438	2	
741	14440	2	
742	14442	2	
743	14460	2	
744	14477	2	
745	14495	2	
746	14502	2	
747	14504	2	
748	14505	2	
749	14526	2	
750	14542	2	
751	14553	2	
752	14555	2	
753	14597	2	
754	14599	2	
755	14604	2	
756	14610	2	
757	14652	2	
758	14658	2	
759	14670	2	
760	14678	2	
761	14680	2	
762	14681	2	
763	14682	2	
764	14688	2	
765	14703	2	
766	14711	2	
767	14713	2	
768	14715	2	
769	14717	2	
770	14732	2	
771	14736	2	
772	14740	2	
773	14756	2	
774	14776	2	
775	14786	2	
776	14838	2	
777	14843	2	
778	14877	2	
779	14892	2	
780	14899	2	
781	14906	2	
782	14957	2	
783	14959	2	
784	14965	2	
785	14985	2	
786	14993	2	
787	15001	2	
788	15049	2	
789	15132	2	
790	15139	2	
791	15178	2	
792	15209	2	
793	15224	2	
794	15409	2	
795	15424	2	
796	15429	2	
797	15467	2	
798	15574	2	
799	15587	2	
800	15613	2	
801	15676	2	
802	15704	2	
803	15716	2	
804	15722	2	
805	15726	2	
806	15740	2	
807	15758	2	
808	15774	2	
809	15884	2	
810	15886	2	
811	15953	2	
812	15956	2	
813	15961	2	
814	16002	2	
815	16004	2	
816	16007	2	
817	16011	2	
818	16012	2	
819	16026	2	
820	16029	2	
821	16030	2	
822	16032	2	
823	16033	2	
824	16035	2	
825	16037	2	
826	16039	2	
827	16040	2	
828	16042	2	
829	16055	2	
830	16075	2	
831	16083	2	
832	16096	2	
833	16098	2	
834	16289	2	
835	16302	2	
836	16307	2	
837	16310	2	
838	16323	2	
839	16327	2	
840	16330	2	
841	16332	2	
842	16597	2	
843	16812	2	
844	16870	2	
845	16894	2	
846	16903	2	
847	16905	2	
848	16906	2	
849	16908	2	
850	16911	2	
851	16912	2	
852	16914	2	
853	16915	2	
854	16917	2	
855	16926	2	
856	16929	2	
857	16932	2	
858	16937	2	
859	16938	2	
860	16943	2	
861	16945	2	
862	16949	2	
863	16955	2	
864	16991	2	
865	17112	2	
866	17198	2	
867	17202	2	
868	17203	2	
869	17205	2	
870	17206	2	
871	17207	2	
872	17209	2	
873	17210	2	
874	17211	2	
875	17212	2	
876	17214	2	
877	17215	2	
878	17216	2	
879	17217	2	
880	17218	2	
881	17219	2	
882	17221	2	
883	17227	2	
884	17230	2	
885	17231	2	
886	17233	2	
887	17237	2	
888	17404	2	
889	17461	2	
890	17464	2	
891	17516	2	
892	17519	2	
893	17521	2	
894	17522	2	
895	17523	2	
896	17524	2	
897	17525	2	
898	17526	2	
899	17527	2	
900	17533	2	
901	17593	2	
902	17594	2	
903	17650	2	
904	17819	2	
905	17829	2	
906	17832	2	
907	17834	2	
908	17835	2	
909	17991	2	
910	18026	2	
911	18115	2	
912	18123	2	
913	18125	2	
914	18127	2	
915	18130	2	
916	18132	2	
917	18134	2	
918	18135	2	
919	18136	2	
920	18137	2	
921	18138	3	
922	18139	2	
923	18140	2	
924	18141	3	
925	18142	5	
926	18143	7	
927	18144	8	
928	18145	5	
929	18146	3	
930	18147	2	
931	18148	2	
932	18149	2	
933	18150	2	
934	18151	2	
935	18152	2	
936	18153	2	
937	18154	2	
938	18155	2	
939	18156	2	
940	18158	2	
941	18159	2	
942	18160	2	
943	18161	2	
944	18162	2	
945	18163	2	
946	18166	2	
947	18167	2	
948	18168	2	
949	18169	2	
950	18171	2	
951	18180	2	
952	18182	2	
953	18184	2	
954	18201	2	
955	18207	2	
956	18213	2	
957	18266	2	
958	18272	2	
959	18296	2	
960	18454	2	
961	18457	2	
962	18459	2	
963	18460	3	
964	18461	3	
965	18462	5	
966	18463	9	
967	18464	9	
968	18465	7	
969	18466	6	
970	18467	7	
971	18468	5	
972	18469	4	
973	18470	4	
974	18471	4	
975	18472	6	
976	18473	3	
977	18474	4	
978	18475	4	
979	18477	3	
980	18478	3	
981	18479	2	
982	18480	2	
983	18483	2	
984	18485	2	
985	18488	2	
