This run aims to check if discrepancy is less than 0.0205
each row contains covering data for one orbit at phi, i.e. z = sin(phi), with the range of indices of directions corresponding to this orbit and the expected confidence radius at it. dtheta shows the amount that directions vary horizontally at this orbit.
 fd = first direction, ld = last direction, #d = number of directions 

number,	phi,                	expected radius,    	dtheta,             	covered phi,        	fd,    	ld,    	#d,    	

1,     	1.530092157527,     	0.011938472915,     	0.311455354112,     	1.520177549765,     	0,     	11,    	12,    	
2,     	1.495716899138,     	0.027246713179,     	0.369302299604,     	1.47319251819,      	12,    	21,    	10,    	
3,     	1.453298238151,     	0.02273574722,      	0.218156174723,     	1.433448613208,     	22,    	37,    	16,    	
4,     	1.412061884591,     	0.024493085365,     	0.156610046558,     	1.391254922782,     	38,    	58,    	21,    	
5,     	1.371265012512,     	0.022732569811,     	0.134411917391,     	1.351774385844,     	59,    	86,    	28,    	
6,     	1.331846860946,     	0.022722224152,     	0.100023652697,     	1.312433088909,     	87,    	118,   	32,    	
7,     	1.291605552799,     	0.023898964568,     	0.098872939306,     	1.270488754343,     	119,   	153,   	35,    	
8,     	1.249971755232,     	0.023587322193,     	0.074814924708,     	1.22951090143,      	154,   	194,   	41,    	
9,     	1.209777942556,     	0.022635474975,     	0.070267182607,     	1.190198376899,     	195,   	241,   	47,    	
10,    	1.170167897242,     	0.022958327485,     	0.058876449463,     	1.15024640528,      	242,   	293,   	52,    	
11,    	1.130999986959,     	0.022340838651,     	0.061567027244,     	1.111723017036,     	294,   	349,   	56,    	
12,    	1.091943112045,     	0.023061626815,     	0.05005632128,      	1.071874879886,     	350,   	408,   	59,    	
13,    	1.0523667081,       	0.022410137552,     	0.045229650229,     	1.033068210671,     	409,   	473,   	65,    	
14,    	1.013579762576,     	0.022830852803,     	0.043176077144,     	0.99391139514,      	474,   	542,   	69,    	
15,    	0.976856148541,     	0.01967016985,      	0.044589190291,     	0.959743297028,     	543,   	616,   	74,    	
16,    	0.943649944139,     	0.018527016861,     	0.033274979746,     	0.927541999911,     	617,   	702,   	86,    	
17,    	0.914612520309,     	0.015600143424,     	0.037603580402,     	0.900372780017,     	703,   	803,   	101,   	
18,    	0.886851674107,     	0.015957509009,     	0.036793494468,     	0.872826536649,     	804,   	901,   	98,    	
19,    	0.862768129511,     	0.011608362695,     	0.034005427217,     	0.853618360478,     	902,   	1005,  	104,   	
20,    	0.845039300021,     	0.010447687519,     	0.021815541993,     	0.837170125271,     	1006,  	1124,  	119,   	
21,    	0.82487987289,      	0.014178750133,     	0.031334627484,     	0.812627707417,     	1125,  	1238,  	114,   	
22,    	0.801352881637,     	0.013001311091,     	0.029566168328,     	0.790115072774,     	1239,  	1361,  	123,   	
23,    	0.777824210373,     	0.014227260355,     	0.034218325515,     	0.765443426503,     	1362,  	1474,  	113,   	
24,    	0.755515054701,     	0.011473741513,     	0.026182634936,     	0.745131291647,     	1475,  	1603,  	129,   	
25,    	0.731763753884,     	0.015483681571,     	0.027261394289,     	0.7183811402,       	1604,  	1717,  	114,   	
26,    	0.703749434058,     	0.016911925517,     	0.027396986062,     	0.689133272922,     	1718,  	1837,  	120,   	
27,    	0.677007844562,     	0.014871817229,     	0.027623167943,     	0.664150456835,     	1838,  	1969,  	132,   	
28,    	0.649882432197,     	0.016454518262,     	0.026625335321,     	0.635657803403,     	1970,  	2091,  	122,   	
29,    	0.622369038035,     	0.015331560822,     	0.025468681051,     	0.609112339276,     	2092,  	2218,  	127,   	
30,    	0.597653465447,     	0.013253449894,     	0.023581117509,     	0.586190419617,     	2219,  	2356,  	138,   	
31,    	0.572926812561,     	0.015318431283,     	0.024101540442,     	0.55967932554,      	2357,  	2487,  	131,   	
32,    	0.545100325967,     	0.016842836318,     	0.029839020854,     	0.530535160736,     	2488,  	2624,  	137,   	
33,    	0.519490443747,     	0.012744524793,     	0.02375511894,      	0.507980463826,     	2625,  	2766,  	142,   	
34,    	0.494443364555,     	0.015623402936,     	0.026587517475,     	0.480383331073,     	2767,  	2901,  	135,   	
35,    	0.46744285118,      	0.014962056648,     	0.026601546009,     	0.45449181955,      	2902,  	3044,  	143,   	
36,    	0.445094874643,     	0.010850302231,     	0.022372371829,     	0.434966648314,     	3045,  	3191,  	147,   	
37,    	0.424678194402,     	0.015724780257,     	0.025587623135,     	0.411073832028,     	3192,  	3335,  	144,   	
38,    	0.399545137392,     	0.0133059896,       	0.022518806301,     	0.388030987724,     	3336,  	3488,  	153,   	
39,    	0.375688590287,     	0.014242639887,     	0.023834161764,     	0.362969589444,     	3489,  	3633,  	145,   	
40,    	0.349547292672,     	0.015536685107,     	0.024828708951,     	0.335865040909,     	3634,  	3783,  	150,   	
41,    	0.322389897401,     	0.01555055756,      	0.024922807596,     	0.308701358032,     	3784,  	3938,  	155,   	
42,    	0.298136559734,     	0.012225591652,     	0.024137345116,     	0.28607824223,      	3939,  	4091,  	153,   	
43,    	0.273459782683,     	0.014611205948,     	0.025340303962,     	0.259442325453,     	4092,  	4245,  	154,   	
44,    	0.246440557559,     	0.015009294541,     	0.019855677856,     	0.233042236476,     	4246,  	4403,  	158,   	
45,    	0.221991146512,     	0.013142307434,     	0.02110936705,      	0.21055941017,      	4404,  	4559,  	156,   	
46,    	0.195902739046,     	0.016939021011,     	0.022848183376,     	0.181239883731,     	4560,  	4718,  	159,   	
47,    	0.171633091883,     	0.011113614025,     	0.02198348624,      	0.160323756006,     	4719,  	4878,  	160,   	
48,    	0.148914214481,     	0.013190491614,     	0.018200794076,     	0.136767925256,     	4879,  	5037,  	159,   	
49,    	0.12554066037,      	0.013764772335,     	0.022136316019,     	0.113521006749,     	5038,  	5204,  	167,   	
50,    	0.101797190588,     	0.015534568595,     	0.019859091421,     	0.08834667051,      	5205,  	5367,  	163,   	
51,    	0.078899800208,     	0.010941861091,     	0.0233243289,       	0.070320196873,     	5368,  	5545,  	178,   	
52,    	0.059472872757,     	0.012535952114,     	0.020642207383,     	0.048617447244,     	5546,  	5713,  	168,   	
53,    	0.04024801864,      	0.009695911834,     	0.021521556724,     	0.031851520098,     	5714,  	5900,  	187,   	
54,    	0.021793944272,     	0.011638739631,     	0.020780364337,     	0.011714755424,     	5901,  	6064,  	164,   	
55,    	0.00277149845,      	0.010328170944,     	0.01713256577,      	-0.005154698674,    	6065,  	6293,  	229,   	
