This run aims to check if discrepancy is less than 0.0069
each row contains covering data for one orbit at phi, i.e. z = sin(phi), with the range of indices of directions corresponding to this orbit and the expected confidence radius at it. dtheta shows the amount that directions vary horizontally at this orbit.
 fd = first direction, ld = last direction, #d = number of directions 

number,	phi,                	expected radius,    	dtheta,             	covered phi,        	fd,    	ld,    	#d,    	

1,     	1.556848047275,     	0.004395691641,     	0.32815780854,      	1.553203683158,     	0,     	10,    	11,    	
2,     	1.544778722235,     	0.00930952691,      	0.373707789867,     	1.537070199588,     	11,    	20,    	10,    	
3,     	1.52975308314,      	0.008500873704,     	0.208242518096,     	1.522611625537,     	21,    	37,    	17,    	
4,     	1.515550785962,     	0.008107464436,     	0.155679239843,     	1.508568207622,     	38,    	59,    	22,    	
5,     	1.50123194546,      	0.008327581847,     	0.12082661525,      	1.494081349485,     	60,    	86,    	27,    	
6,     	1.487144463799,     	0.008217684914,     	0.105208651743,     	1.480112395643,     	87,    	119,   	33,    	
7,     	1.473036945262,     	0.008296946584,     	0.086188283823,     	1.465813851912,     	120,   	156,   	37,    	
8,     	1.458897377485,     	0.00807703947,      	0.074757915742,     	1.451937800461,     	157,   	200,   	44,    	
9,     	1.444848412019,     	0.008144893658,     	0.064851398405,     	1.437860197409,     	201,   	249,   	49,    	
10,    	1.430780457272,     	0.008228798371,     	0.06261244756,      	1.423652412988,     	250,   	302,   	53,    	
11,    	1.416581093666,     	0.008365468319,     	0.057324991982,     	1.409351790952,     	303,   	360,   	58,    	
12,    	1.402536420624,     	0.008030679508,     	0.049008797291,     	1.395629075913,     	361,   	424,   	64,    	
13,    	1.388746940348,     	0.007903176421,     	0.047977014422,     	1.381794539041,     	425,   	493,   	69,    	
14,    	1.374883299217,     	0.007976440202,     	0.045735194994,     	1.367917247346,     	494,   	566,   	73,    	
15,    	1.360944842219,     	0.008069117421,     	0.042992677145,     	1.35387946063,      	567,   	644,   	78,    	
16,    	1.346835099934,     	0.008169415992,     	0.036879290843,     	1.339787095309,     	645,   	728,   	84,    	
17,    	1.332679838066,     	0.008276941771,     	0.03509251897,      	1.325547039475,     	729,   	816,   	88,    	
18,    	1.318462933529,     	0.008182145229,     	0.035985639625,     	1.311335133275,     	817,   	908,   	92,    	
19,    	1.303795802728,     	0.008718814828,     	0.033725085646,     	1.296192678495,     	909,   	1000,  	92,    	
20,    	1.28814988344,      	0.009291900544,     	0.033657987406,     	1.280139967784,     	1001,  	1092,  	92,    	
21,    	1.271332983177,     	0.010165818345,     	0.035923400998,     	1.262550202103,     	1093,  	1181,  	89,    	
22,    	1.253965646937,     	0.00987175693,      	0.031686606406,     	1.245453540668,     	1182,  	1281,  	100,   	
23,    	1.237640477768,     	0.009065372366,     	0.029609833597,     	1.229805431112,     	1282,  	1392,  	111,   	
24,    	1.222330460917,     	0.008864200777,     	0.025960716503,     	1.214660843483,     	1393,  	1510,  	118,   	
25,    	1.206508039259,     	0.009425278323,     	0.028482276566,     	1.198274623919,     	1511,  	1625,  	115,   	
26,    	1.189314217752,     	0.01032368489,      	0.028858795203,     	1.180372504472,     	1626,  	1736,  	111,   	
27,    	1.17180263906,      	0.009864051822,     	0.027211305139,     	1.163253691828,     	1737,  	1857,  	121,   	
28,    	1.155867765243,     	0.008645584751,     	0.021502798112,     	1.148384201057,     	1858,  	1996,  	139,   	
29,    	1.141308479993,     	0.008172682669,     	0.020592999678,     	1.133968931545,     	1997,  	2140,  	144,   	
30,    	1.126733475613,     	0.008342864842,     	0.020160588113,     	1.119369976078,     	2141,  	2289,  	149,   	
31,    	1.111984852861,     	0.00866077971,      	0.020653899301,     	1.104503332498,     	2290,  	2443,  	154,   	
32,    	1.09720926279,      	0.008416998389,     	0.01868503379,      	1.089703738705,     	2444,  	2597,  	154,   	
33,    	1.082082404492,     	0.008797306961,     	0.019916856348,     	1.074307215148,     	2598,  	2751,  	154,   	
34,    	1.066168913052,     	0.009387239188,     	0.01941623406,      	1.058039247226,     	2752,  	2903,  	152,   	
35,    	1.049821277719,     	0.009518015248,     	0.019444861662,     	1.04159810644,      	2904,  	3056,  	153,   	
36,    	1.033691672153,     	0.009134673388,     	0.017853583872,     	1.02579827358,      	3057,  	3221,  	165,   	
37,    	1.018245850343,     	0.008712843493,     	0.01662565977,      	1.010715648352,     	3222,  	3399,  	178,   	
38,    	1.003446302421,     	0.008451267383,     	0.015726401201,     	0.99613567691,      	3400,  	3587,  	188,   	
39,    	0.989224343519,     	0.008027871123,     	0.016429084877,     	0.982149911916,     	3588,  	3781,  	194,   	
40,    	0.97492513404,      	0.008344077248,     	0.016240855267,     	0.967711744029,     	3782,  	3977,  	196,   	
41,    	0.960761633306,     	0.008065584456,     	0.016455225227,     	0.953601302276,     	3978,  	4178,  	201,   	
42,    	0.946565033606,     	0.008124845683,     	0.014765750652,     	0.939512011718,     	4179,  	4384,  	206,   	
43,    	0.9325071532,       	0.008280131769,     	0.015974621612,     	0.92524929959,      	4385,  	4592,  	208,   	
44,    	0.917624418466,     	0.00880024993,      	0.015928685587,     	0.910015780253,     	4593,  	4799,  	207,   	
45,    	0.902766925338,     	0.008376498884,     	0.015475371673,     	0.89545392712,      	4800,  	5009,  	210,   	
46,    	0.888462136649,     	0.008064930039,     	0.014669572532,     	0.881431483682,     	5010,  	5223,  	214,   	
47,    	0.874265812575,     	0.008265358535,     	0.015697377653,     	0.867117971764,     	5224,  	5441,  	218,   	
48,    	0.860405181499,     	0.007743699604,     	0.013514686448,     	0.853707621284,     	5442,  	5668,  	227,   	
49,    	0.847682349033,     	0.006961977127,     	0.013192368659,     	0.841659940127,     	5669,  	5911,  	243,   	
50,    	0.835670453097,     	0.006928693377,     	0.012914956809,     	0.829676641439,     	5912,  	6159,  	248,   	
51,    	0.823342397664,     	0.007360927294,     	0.014044461553,     	0.816974926509,     	6160,  	6412,  	253,   	
52,    	0.811718010592,     	0.006085620995,     	0.013785387619,     	0.806284711154,     	6413,  	6664,  	252,   	
53,    	0.800608567971,     	0.00665703282,      	0.012233766679,     	0.794846343321,     	6665,  	6905,  	241,   	
54,    	0.788650332523,     	0.007158096823,     	0.013177490845,     	0.782457659157,     	6906,  	7145,  	240,   	
55,    	0.778336436585,     	0.004781238178,     	0.013961823777,     	0.77378674948,      	7146,  	7396,  	251,   	
56,    	0.767244137328,     	0.007577844967,     	0.011599836023,     	0.760688421655,     	7397,  	7658,  	262,   	
57,    	0.754550473781,     	0.00709118181,      	0.012365137307,     	0.748415213798,     	7659,  	7923,  	265,   	
58,    	0.74165449328,      	0.007809035712,     	0.01262430421,      	0.734898618984,     	7924,  	8189,  	266,   	
59,    	0.728525818019,     	0.007355228991,     	0.01186044207,      	0.722162008248,     	8190,  	8459,  	270,   	
60,    	0.71652289286,      	0.006534142708,     	0.012535587467,     	0.710868787105,     	8460,  	8727,  	268,   	
61,    	0.705207505957,     	0.006537322532,     	0.011796598276,     	0.699474072645,     	8728,  	8989,  	262,   	
62,    	0.694195288025,     	0.006102999039,     	0.012076760096,     	0.688678450837,     	8990,  	9255,  	266,   	
63,    	0.682266171185,     	0.007400705916,     	0.011200152543,     	0.675862504578,     	9256,  	9528,  	273,   	
64,    	0.669297857232,     	0.007591604734,     	0.011679483845,     	0.662729002309,     	9529,  	9805,  	277,   	
65,    	0.657179391078,     	0.006443578554,     	0.012169450772,     	0.651473903614,     	9806,  	10091, 	286,   	
66,    	0.644705390668,     	0.00782157024,      	0.01022364712,      	0.637937427505,     	10092, 	10379, 	288,   	
67,    	0.631724782001,     	0.007206042861,     	0.011803640621,     	0.625488888499,     	10380, 	10669, 	290,   	
68,    	0.620235253333,     	0.006094227619,     	0.011777589122,     	0.614752268303,     	10670, 	10956, 	287,   	
69,    	0.609510930303,     	0.00610517369,      	0.012141085588,     	0.603900037101,     	10957, 	11238, 	282,   	
70,    	0.597543825312,     	0.007353327131,     	0.010364834193,     	0.591180228164,     	11239, 	11524, 	286,   	
71,    	0.584245048481,     	0.008002448593,     	0.010114091506,     	0.577319981146,     	11525, 	11810, 	286,   	
72,    	0.570392139713,     	0.007995981999,     	0.010533619251,     	0.563472506428,     	11811, 	12101, 	291,   	
73,    	0.556772287659,     	0.007748511176,     	0.010759404105,     	0.550066518217,     	12102, 	12394, 	293,   	
74,    	0.543455784693,     	0.007630495079,     	0.011610014992,     	0.536827828003,     	12395, 	12689, 	295,   	
75,    	0.529671498667,     	0.008294092657,     	0.011403128811,     	0.522493597194,     	12690, 	12989, 	300,   	
76,    	0.515698034294,     	0.007857543891,     	0.010510161398,     	0.508897541457,     	12990, 	13292, 	303,   	
77,    	0.501765073975,     	0.008334416923,     	0.01070629898,      	0.494551978935,     	13293, 	13597, 	305,   	
78,    	0.487445837589,     	0.00823192241,      	0.010775400517,     	0.480321233764,     	13598, 	13904, 	307,   	
79,    	0.473511563494,     	0.00794328292,      	0.011533423697,     	0.466636483821,     	13905, 	14214, 	310,   	
80,    	0.460327170498,     	0.007326195348,     	0.010271081287,     	0.453578871278,     	14215, 	14526, 	312,   	
81,    	0.448001293926,     	0.006476402034,     	0.010561408641,     	0.442116259181,     	14527, 	14840, 	314,   	
82,    	0.435950802544,     	0.007140658781,     	0.010461280268,     	0.429632992404,     	14841, 	15159, 	319,   	
83,    	0.422924730973,     	0.007742889481,     	0.010501463682,     	0.416195568909,     	15160, 	15483, 	324,   	
84,    	0.409131674208,     	0.008167671117,     	0.009522130636,     	0.402061839886,     	15484, 	15806, 	323,   	
85,    	0.395577882083,     	0.007494498739,     	0.009860522606,     	0.389090357324,     	15807, 	16131, 	325,   	
86,    	0.382563268561,     	0.007536602428,     	0.00984835714,      	0.375885900593,     	16132, 	16460, 	329,   	
87,    	0.369687861822,     	0.007161959334,     	0.009588636736,     	0.363207102763,     	16461, 	16793, 	333,   	
88,    	0.356633974362,     	0.007618848832,     	0.009414084275,     	0.349917831381,     	16794, 	17129, 	336,   	
89,    	0.343311801419,     	0.007654220589,     	0.01019428848,      	0.336599554942,     	17130, 	17467, 	338,   	
90,    	0.331161786106,     	0.006293801758,     	0.010179127448,     	0.32516938003,      	17468, 	17803, 	336,   	
91,    	0.318121025159,     	0.008139081819,     	0.009643541175,     	0.311075061454,     	17804, 	18138, 	335,   	
92,    	0.304461053629,     	0.007645048046,     	0.008013625929,     	0.297703480138,     	18139, 	18476, 	338,   	
93,    	0.290715371686,     	0.008076630876,     	0.009578973709,     	0.283699313447,     	18477, 	18815, 	339,   	
94,    	0.276831964909,     	0.007929995251,     	0.00932504185,      	0.269966585023,     	18816, 	19159, 	344,   	
95,    	0.263574700401,     	0.007562005073,     	0.007948012468,     	0.257027709673,     	19160, 	19503, 	344,   	
96,    	0.250385967891,     	0.007676397139,     	0.008802384498,     	0.243616201319,     	19504, 	19849, 	346,   	
97,    	0.236480768451,     	0.008355949179,     	0.008791174177,     	0.229246365397,     	19850, 	20193, 	344,   	
98,    	0.222408210869,     	0.007902667613,     	0.008102255254,     	0.215566029831,     	20194, 	20542, 	349,   	
99,    	0.208893911435,     	0.007708390941,     	0.009866932826,     	0.202165449473,     	20543, 	20889, 	347,   	
100,   	0.195795561639,     	0.007376981361,     	0.008446306876,     	0.189076528294,     	20890, 	21236, 	347,   	
101,   	0.182358327622,     	0.007776905388,     	0.009140305548,     	0.175431714069,     	21237, 	21583, 	347,   	
102,   	0.169599356802,     	0.006747269881,     	0.008951804953,     	0.163230096728,     	21584, 	21931, 	348,   	
103,   	0.156131759606,     	0.008303582708,     	0.0090254757,       	0.148941961531,     	21932, 	22277, 	346,   	
104,   	0.142989903523,     	0.006915692551,     	0.009191258229,     	0.13653772647,      	22278, 	22626, 	349,   	
105,   	0.12977417961,      	0.007871085487,     	0.009123089903,     	0.122958595199,     	22627, 	22975, 	349,   	
106,   	0.116355582288,     	0.007631336496,     	0.009845907082,     	0.109747469929,     	22976, 	23326, 	351,   	
107,   	0.103456533231,     	0.007267925945,     	0.009250924571,     	0.09716298255,      	23327, 	23679, 	353,   	
108,   	0.091120924707,     	0.006979960508,     	0.009516189086,     	0.084939734447,     	23680, 	24035, 	356,   	
109,   	0.078734736252,     	0.007172918639,     	0.009103597835,     	0.072523287433,     	24036, 	24395, 	360,   	
110,   	0.066761661016,     	0.006728007118,     	0.008651687348,     	0.060911241304,     	24396, 	24763, 	368,   	
111,   	0.054724737402,     	0.007151916061,     	0.009547372247,     	0.048531320344,     	24764, 	25137, 	374,   	
112,   	0.042185145132,     	0.007344855632,     	0.008895045507,     	0.035824569619,     	25138, 	25509, 	372,   	
113,   	0.029835395418,     	0.006926749433,     	0.008449149294,     	0.023836809632,     	25510, 	25887, 	378,   	
114,   	0.019367562616,     	0.005161396655,     	0.009055366864,     	0.014897716349,     	25888, 	26272, 	385,   	
115,   	0.00891146633,      	0.006927952206,     	0.009506595745,     	0.002911713154,     	26273, 	26634, 	362,   	
116,   	0,                  	0.004980382269,     	0.006886441015,     	-0.004313146548,    	26635, 	27119, 	485,   	
