number	direction_ind	# of covercap	
0	37	2	
1	62	2	
2	64	2	
3	99	2	
4	104	2	
5	121	2	
6	154	2	
7	207	2	
8	242	2	
9	248	2	
10	254	2	
11	257	2	
12	258	2	
13	260	2	
14	267	2	
15	273	2	
16	276	2	
17	280	2	
18	289	2	
19	354	2	
20	372	2	
21	373	2	
22	375	2	
23	381	2	
24	415	2	
25	423	2	
26	424	2	
27	425	2	
28	457	2	
29	466	2	
30	473	2	
31	475	2	
32	481	2	
33	537	2	
34	538	2	
35	540	2	
36	541	2	
37	543	2	
38	561	2	
39	610	2	
40	612	2	
41	613	2	
42	636	2	
43	785	2	
44	792	2	
45	797	2	
46	816	2	
47	861	2	
48	877	2	
49	885	2	
50	910	2	
51	927	2	
52	932	2	
53	935	2	
54	958	2	
55	963	2	
56	984	2	
57	994	2	
58	1024	2	
59	1025	2	
60	1059	2	
61	1073	2	
62	1079	2	
63	1311	2	
64	1355	2	
65	1356	2	
66	1361	2	
67	1364	2	
68	1366	2	
69	1368	2	
70	1371	2	
71	1373	2	
72	1376	2	
73	1377	2	
74	1378	2	
75	1380	2	
76	1382	2	
77	1383	2	
78	1473	2	
79	1474	2	
80	1479	2	
81	1480	2	
82	1483	2	
83	1508	2	
84	1585	2	
85	1600	2	
86	1601	2	
87	1608	2	
88	1638	2	
89	1639	2	
90	1640	2	
91	1642	2	
92	1643	2	
93	1647	2	
94	1720	2	
95	1722	2	
96	1724	2	
97	1726	2	
98	1766	2	
99	1768	2	
100	1848	2	
101	1849	2	
102	1904	2	
103	1905	3	
104	1971	2	
105	1972	2	
106	1980	2	
107	1982	2	
108	1983	2	
109	2039	2	
110	2041	2	
111	2042	2	
112	2103	2	
113	2111	3	
114	2112	2	
115	2176	2	
116	2177	3	
117	2179	2	
118	2245	2	
119	2246	2	
120	2247	2	
121	2317	2	
122	2318	2	
123	2322	2	
124	2323	2	
125	2327	2	
126	2331	2	
127	2385	2	
128	2387	2	
129	2391	2	
130	2460	2	
131	2461	2	
132	2529	2	
133	2607	2	
134	2647	2	
135	2667	2	
136	2670	2	
137	2671	2	
138	2672	2	
139	2677	2	
140	2713	2	
141	2748	2	
142	2751	2	
143	2752	2	
144	2755	2	
145	2769	2	
146	2770	2	
147	2809	2	
148	2813	2	
149	2816	2	
150	2897	2	
151	2898	2	
152	2899	2	
153	2937	2	
154	2954	2	
155	2955	2	
156	2956	2	
157	2957	2	
158	3043	2	
159	3044	2	
160	3061	2	
161	3062	2	
162	3073	2	
163	3074	2	
164	3076	2	
165	3078	2	
166	3083	2	
167	3087	2	
168	3103	2	
169	3104	2	
170	3122	2	
171	3126	2	
172	3181	2	
173	3184	2	
174	3202	2	
175	3203	2	
176	3204	2	
177	3205	2	
178	3208	2	
179	3219	2	
180	3228	2	
181	3234	2	
182	3236	2	
183	3238	2	
184	3240	2	
185	3242	2	
186	3244	2	
187	3256	2	
188	3259	2	
189	3261	2	
190	3262	2	
191	3267	2	
192	3270	2	
193	3272	2	
194	3275	2	
195	3288	2	
196	3324	2	
197	3329	2	
198	3332	2	
199	3344	2	
200	3353	2	
201	3355	2	
202	3360	2	
203	3367	2	
204	3368	2	
205	3371	2	
206	3373	2	
207	3375	2	
208	3379	2	
209	3393	2	
210	3409	2	
211	3410	2	
212	3411	2	
213	3449	2	
214	3468	2	
215	3470	2	
216	3507	2	
217	3525	2	
218	3540	2	
219	3543	2	
220	3550	2	
221	3553	2	
222	3564	2	
223	3620	2	
224	3625	2	
225	3680	2	
226	3687	2	
227	3689	2	
228	3698	2	
229	3711	2	
230	3719	2	
231	3723	2	
232	3725	2	
233	3768	2	
234	3787	2	
235	3792	2	
236	3798	2	
237	3800	2	
238	3822	2	
239	3838	2	
240	3841	2	
241	3887	2	
242	3890	2	
243	3893	2	
244	3896	2	
245	3923	2	
246	3962	2	
247	3992	2	
248	4000	2	
249	4001	2	
250	4003	2	
251	4016	2	
252	4055	2	
253	4056	2	
254	4092	2	
255	4119	2	
256	4129	2	
257	4143	2	
258	4167	2	
259	4173	2	
260	4215	2	
261	4218	2	
262	4307	2	
263	4339	2	
264	4342	2	
265	4394	2	
266	4560	2	
267	4561	2	
268	4571	2	
269	4574	2	
270	4624	2	
271	4678	2	
272	4682	2	
273	4709	2	
274	4721	2	
275	4727	2	
276	4731	2	
277	4734	2	
278	4736	2	
279	4741	2	
280	4752	2	
281	4803	2	
282	4812	2	
283	4838	2	
284	4852	2	
285	4854	2	
286	4869	2	
287	4872	2	
288	4884	2	
289	4893	2	
290	4912	2	
291	4918	2	
292	4920	2	
293	4923	2	
294	4928	2	
295	5004	2	
296	5005	2	
297	5006	2	
298	5009	2	
299	5014	2	
300	5015	2	
301	5021	2	
302	5030	2	
303	5045	2	
304	5104	2	
305	5152	2	
306	5181	2	
307	5209	2	
308	5227	2	
309	5229	2	
310	5230	2	
311	5243	2	
312	5265	2	
313	5271	2	
314	5281	2	
315	5296	2	
316	5299	2	
317	5301	2	
318	5307	2	
319	5350	2	
320	5398	2	
321	5402	2	
322	5407	2	
323	5413	2	
324	5420	2	
325	5429	2	
326	5453	2	
327	5462	2	
328	5473	2	
329	5474	2	
330	5479	2	
331	5500	2	
332	5508	2	
333	5525	2	
334	5549	2	
335	5550	2	
336	5565	2	
337	5577	2	
338	5580	2	
339	5582	2	
340	5603	2	
341	5609	2	
342	5623	2	
343	5805	2	
344	5822	2	
345	5917	2	
346	5946	2	
347	5965	2	
348	5984	2	
349	5991	2	
350	6011	2	
351	6014	2	
352	6018	2	
353	6038	2	
354	6073	2	
355	6094	2	
356	6130	2	
357	6133	2	
358	6152	2	
359	6165	2	
360	6175	2	
361	6178	2	
362	6188	2	
363	6196	2	
364	6199	2	
365	6216	2	
366	6228	2	
367	6240	2	
368	6286	2	
369	6294	2	
370	6356	2	
371	6374	2	
372	6375	2	
373	6377	2	
374	6378	2	
375	6381	2	
376	6413	2	
377	6558	2	
378	6561	2	
379	6564	2	
380	6568	2	
381	6683	2	
382	6684	2	
383	6733	2	
384	6736	2	
385	6739	2	
386	6741	2	
387	6744	2	
388	6745	2	
389	6747	2	
390	6750	2	
391	6751	2	
392	6752	2	
393	6753	2	
394	6754	2	
395	6755	2	
396	6756	2	
397	6757	2	
398	6765	2	
399	6774	2	
400	6781	2	
401	6784	2	
402	6786	2	
403	6792	2	
404	6795	2	
405	6865	2	
406	6941	2	
407	6942	2	
408	6945	4	
409	6946	4	
410	6947	2	
411	6948	2	
412	6949	3	
413	7036	2	
414	7039	2	
415	7040	2	
416	7134	3	
417	7135	3	
418	7136	2	
419	7138	5	
420	7139	6	
421	7141	2	
422	7145	2	
423	7151	2	
424	7154	2	
425	7157	2	
426	7318	2	
427	7321	3	
428	7323	2	
429	7324	3	
430	7326	6	
431	7327	8	
432	7328	7	
433	7329	7	
434	7330	4	
435	7331	5	
436	7332	5	
437	7333	5	
438	7334	3	
439	7335	2	
440	7336	3	
441	7339	3	
442	7343	3	
443	7422	2	
444	7423	3	
445	7424	3	
446	7425	2	
447	7426	2	
448	7428	2	
449	7429	2	
450	7430	2	
451	7469	2	
452	7536	2	
453	7539	2	
454	7544	2	
455	7545	2	
456	7548	2	
457	7549	2	
458	7550	3	
459	7552	3	
460	7553	3	
461	7554	3	
462	7555	3	
463	7556	2	
464	7557	2	
465	7558	7	
466	7559	10	
467	7560	8	
468	7561	6	
469	7562	6	
470	7563	6	
471	7564	8	
472	7565	8	
473	7566	6	
474	7567	6	
475	7568	4	
476	7569	3	
477	7570	6	
478	7571	2	
479	7572	2	
480	7573	2	
481	7574	2	
482	7575	3	
483	7576	2	
484	7577	2	
485	7579	3	
486	7580	3	
487	7581	2	
488	7584	2	
489	7585	2	
490	7588	2	
491	7590	2	
492	7591	2	
493	7597	2	
494	7617	2	
495	7679	2	
496	7690	2	
497	7697	2	
