number	direction_ind	# of covercap	
0	34	2	
1	58	2	
2	59	2	
3	62	2	
4	64	2	
5	70	2	
6	136	2	
7	137	2	
8	140	2	
9	155	2	
10	169	2	
11	170	2	
12	188	2	
13	191	2	
14	193	2	
15	200	2	
16	212	2	
17	231	2	
18	238	2	
19	242	2	
20	295	2	
21	320	2	
22	331	2	
23	333	2	
24	335	2	
25	356	2	
26	373	2	
27	384	2	
28	386	2	
29	409	2	
30	414	2	
31	416	2	
32	421	2	
33	423	2	
34	424	2	
35	450	2	
36	458	2	
37	466	2	
38	468	2	
39	473	2	
40	477	2	
41	478	2	
42	479	2	
43	480	2	
44	481	2	
45	482	2	
46	490	2	
47	546	3	
48	547	2	
49	548	2	
50	549	2	
51	553	2	
52	579	2	
53	582	2	
54	583	2	
55	588	2	
56	596	2	
57	606	2	
58	608	2	
59	615	2	
60	617	2	
61	698	2	
62	806	2	
63	809	2	
64	824	2	
65	827	2	
66	872	2	
67	893	2	
68	905	2	
69	923	2	
70	937	2	
71	944	2	
72	955	2	
73	960	2	
74	969	2	
75	980	2	
76	985	2	
77	989	2	
78	995	2	
79	1000	2	
80	1010	2	
81	1011	2	
82	1036	2	
83	1048	2	
84	1049	2	
85	1055	2	
86	1074	2	
87	1085	2	
88	1097	2	
89	1145	2	
90	1150	2	
91	1167	2	
92	1195	2	
93	1263	2	
94	1267	2	
95	1272	2	
96	1274	2	
97	1276	2	
98	1283	2	
99	1287	2	
100	1291	2	
101	1341	2	
102	1382	2	
103	1385	2	
104	1386	2	
105	1387	2	
106	1389	2	
107	1392	2	
108	1409	3	
109	1411	2	
110	1413	2	
111	1415	2	
112	1455	2	
113	1459	2	
114	1496	2	
115	1499	2	
116	1501	2	
117	1502	2	
118	1536	2	
119	1539	2	
120	1541	2	
121	1542	3	
122	1543	2	
123	1553	2	
124	1586	2	
125	1614	2	
126	1622	2	
127	1625	3	
128	1626	2	
129	1627	2	
130	1628	2	
131	1631	2	
132	1676	2	
133	1677	3	
134	1681	2	
135	1688	2	
136	1752	2	
137	1753	2	
138	1754	2	
139	1755	2	
140	1805	2	
141	1806	2	
142	1807	2	
143	1843	2	
144	1852	2	
145	1873	2	
146	1875	2	
147	1876	2	
148	1877	3	
149	1881	2	
150	1930	2	
151	1934	2	
152	1938	2	
153	1939	2	
154	1940	3	
155	1951	2	
156	2010	2	
157	2011	2	
158	2012	2	
159	2013	2	
160	2078	2	
161	2079	2	
162	2145	2	
163	2146	2	
164	2148	2	
165	2149	2	
166	2216	2	
167	2218	2	
168	2219	2	
169	2362	2	
170	2424	2	
171	2431	2	
172	2432	2	
173	2443	2	
174	2503	2	
175	2507	2	
176	2570	2	
177	2572	2	
178	2573	2	
179	2579	2	
180	2650	2	
181	2653	2	
182	2654	2	
183	2656	2	
184	2657	2	
185	2685	2	
186	2697	2	
187	2707	2	
188	2716	2	
189	2717	2	
190	2718	2	
191	2719	2	
192	2722	2	
193	2768	2	
194	2800	2	
195	2802	2	
196	2803	2	
197	2804	2	
198	2805	2	
199	2812	2	
200	2814	2	
201	2815	2	
202	2824	2	
203	2830	2	
204	2863	2	
205	2951	2	
206	2992	2	
207	3011	2	
208	3017	2	
209	3106	2	
210	3150	2	
211	3152	2	
212	3159	2	
213	3163	2	
214	3164	2	
215	3168	2	
216	3187	2	
217	3189	2	
218	3209	2	
219	3212	2	
220	3220	2	
221	3224	2	
222	3255	2	
223	3260	2	
224	3264	2	
225	3272	2	
226	3274	2	
227	3276	2	
228	3318	2	
229	3319	2	
230	3638	2	
231	3681	2	
232	3717	2	
233	3720	2	
234	3826	2	
235	3843	2	
236	3863	2	
237	3873	2	
238	3889	2	
239	3901	2	
240	3964	2	
241	4002	2	
242	4107	2	
243	4109	2	
244	4125	2	
245	4129	2	
246	4133	2	
247	4134	2	
248	4137	2	
249	4158	2	
250	4176	2	
251	4195	2	
252	4212	2	
253	4218	2	
254	4234	2	
255	4237	2	
256	4238	2	
257	4242	2	
258	4247	2	
259	4296	2	
260	4297	2	
261	4330	2	
262	4377	2	
263	4392	2	
264	4439	2	
265	4441	2	
266	4448	2	
267	4462	2	
268	4464	2	
269	4486	2	
270	4489	2	
271	4495	2	
272	4499	2	
273	4501	2	
274	4504	2	
275	4513	2	
276	4547	2	
277	4552	2	
278	4553	2	
279	4562	2	
280	4583	2	
281	4586	2	
282	4588	2	
283	4614	2	
284	4670	2	
285	4718	2	
286	4721	2	
287	4763	2	
288	4768	2	
289	4771	2	
290	4902	2	
291	4961	2	
292	4970	2	
293	4971	2	
294	4974	2	
295	4975	2	
296	5013	2	
297	5028	2	
298	5103	2	
299	5111	2	
300	5116	2	
301	5126	2	
302	5127	2	
303	5139	2	
304	5140	2	
305	5146	2	
306	5151	2	
307	5161	2	
308	5185	2	
309	5198	2	
310	5223	2	
311	5252	2	
312	5253	2	
313	5256	2	
314	5261	2	
315	5266	2	
316	5281	2	
317	5288	2	
318	5301	2	
319	5306	2	
320	5323	2	
321	5334	2	
322	5350	2	
323	5353	2	
324	5356	2	
325	5364	2	
326	5376	2	
327	5417	2	
328	5428	2	
329	5431	2	
330	5446	2	
331	5456	2	
332	5468	2	
333	5469	2	
334	5483	2	
335	5488	2	
336	5531	2	
337	5536	2	
338	5537	2	
339	5539	2	
340	5542	2	
341	5545	2	
342	5552	2	
343	5579	2	
344	5611	2	
345	5624	2	
346	5652	2	
347	5670	2	
348	5682	2	
349	5685	2	
350	5711	2	
351	5731	2	
352	5734	2	
353	5742	2	
354	5793	2	
355	5796	2	
356	5822	2	
357	5835	2	
358	5837	2	
359	5846	2	
360	5854	2	
361	5860	2	
362	5865	2	
363	5870	2	
364	5884	2	
365	5887	2	
366	5890	2	
367	5894	2	
368	5899	2	
369	5909	2	
370	5912	2	
371	5913	2	
372	5915	2	
373	5920	2	
374	5956	2	
375	5957	2	
376	5960	2	
377	5962	2	
378	5963	2	
379	5982	2	
380	5990	2	
381	6001	2	
382	6008	2	
383	6009	2	
384	6014	2	
385	6028	2	
386	6031	2	
387	6055	2	
388	6065	2	
389	6086	2	
390	6094	2	
391	6099	2	
392	6100	2	
393	6102	2	
394	6106	2	
395	6128	2	
396	6132	2	
397	6135	2	
398	6142	2	
399	6152	2	
400	6155	2	
401	6175	2	
402	6183	2	
403	6471	2	
404	6494	2	
405	6512	2	
406	6582	2	
407	6652	2	
408	6656	2	
409	6659	2	
410	6660	2	
411	6664	2	
412	6667	2	
413	6670	2	
414	6672	2	
415	6674	2	
416	6675	2	
417	6677	2	
418	6682	2	
419	6683	2	
420	6692	2	
421	6700	2	
422	6703	2	
423	6756	2	
424	6771	2	
425	6843	2	
426	6850	2	
427	6853	2	
428	6856	2	
429	6857	2	
430	6858	2	
431	6861	2	
432	6862	2	
433	6869	2	
434	6874	2	
435	6879	2	
436	6880	2	
437	7046	2	
438	7048	2	
439	7049	5	
440	7050	2	
441	7051	5	
442	7052	3	
443	7054	2	
444	7055	2	
445	7056	2	
446	7061	2	
447	7068	2	
448	7220	2	
449	7231	2	
450	7233	2	
451	7234	4	
452	7235	4	
453	7236	4	
454	7237	6	
455	7238	7	
456	7239	2	
457	7240	4	
458	7241	2	
459	7242	2	
460	7243	3	
461	7244	2	
462	7245	2	
463	7246	2	
464	7247	2	
465	7248	2	
466	7249	2	
467	7250	2	
468	7251	2	
469	7254	2	
470	7259	2	
471	7262	2	
472	7267	2	
473	7284	2	
474	7410	2	
475	7418	2	
476	7424	2	
477	7428	2	
478	7429	2	
479	7430	3	
480	7431	3	
481	7433	2	
482	7434	4	
483	7435	6	
484	7436	7	
485	7437	9	
486	7438	8	
487	7439	7	
488	7440	7	
489	7441	7	
490	7442	7	
491	7443	8	
492	7444	7	
493	7445	7	
494	7446	4	
495	7447	5	
496	7448	4	
497	7449	4	
498	7450	5	
499	7451	4	
500	7452	3	
501	7454	4	
502	7455	3	
503	7456	2	
504	7457	4	
505	7458	2	
506	7459	2	
507	7460	2	
508	7461	2	
509	7463	2	
510	7465	2	
511	7467	2	
512	7468	2	
513	7469	2	
514	7473	2	
515	7476	2	
