number	direction_ind	# of covercap	
0	1	2	
1	62	2	
2	64	2	
3	86	2	
4	87	2	
5	88	2	
6	210	2	
7	252	2	
8	369	2	
9	385	2	
10	386	2	
11	388	2	
12	392	2	
13	393	2	
14	422	2	
15	426	2	
16	450	2	
17	451	2	
18	560	2	
19	564	2	
20	618	2	
21	638	2	
22	657	2	
23	659	2	
24	660	2	
25	662	2	
26	663	2	
27	669	2	
28	688	2	
29	691	2	
30	804	2	
31	888	2	
32	892	2	
33	926	2	
34	947	2	
35	1002	2	
36	1005	2	
37	1008	2	
38	1019	2	
39	1022	2	
40	1035	2	
41	1037	2	
42	1038	2	
43	1047	2	
44	1054	2	
45	1063	2	
46	1066	2	
47	1095	2	
48	1116	2	
49	1123	2	
50	1127	2	
51	1129	2	
52	1153	2	
53	1154	2	
54	1168	2	
55	1170	2	
56	1171	2	
57	1177	2	
58	1192	2	
59	1199	2	
60	1207	2	
61	1210	2	
62	1212	2	
63	1220	2	
64	1281	2	
65	1304	2	
66	1307	2	
67	1313	2	
68	1314	2	
69	1317	2	
70	1319	2	
71	1324	2	
72	1326	2	
73	1328	2	
74	1329	2	
75	1339	2	
76	1340	2	
77	1393	2	
78	1399	2	
79	1403	2	
80	1406	2	
81	1407	2	
82	1408	2	
83	1410	2	
84	1415	2	
85	1420	2	
86	1423	2	
87	1439	2	
88	1513	2	
89	1528	2	
90	1535	2	
91	1537	2	
92	1538	2	
93	1573	2	
94	1604	2	
95	1628	2	
96	1640	2	
97	1642	2	
98	1649	2	
99	1650	2	
100	1651	2	
101	1653	2	
102	1656	2	
103	1658	2	
104	1660	2	
105	1661	2	
106	1662	2	
107	1663	2	
108	1667	2	
109	1668	2	
110	1669	2	
111	1715	2	
112	1723	2	
113	1725	2	
114	1742	2	
115	1743	2	
116	1771	2	
117	1772	2	
118	1774	2	
119	1778	2	
120	1780	2	
121	1781	2	
122	1782	2	
123	1783	2	
124	1786	2	
125	1787	2	
126	1791	2	
127	1792	2	
128	1796	2	
129	1807	2	
130	1831	2	
131	1856	2	
132	1899	2	
133	1911	2	
134	1913	2	
135	1916	2	
136	1917	2	
137	1918	2	
138	1921	2	
139	1924	2	
140	1932	2	
141	1935	2	
142	1948	2	
143	1951	2	
144	1954	2	
145	1962	2	
146	1963	2	
147	1971	2	
148	1979	2	
149	1980	2	
150	1981	2	
151	2005	2	
152	2007	2	
153	2015	2	
154	2021	2	
155	2037	2	
156	2042	2	
157	2045	2	
158	2047	2	
159	2049	2	
160	2052	2	
161	2054	2	
162	2057	2	
163	2060	2	
164	2061	2	
165	2062	2	
166	2064	2	
167	2066	2	
168	2067	2	
169	2068	2	
170	2079	2	
171	2080	2	
172	2081	2	
173	2091	2	
174	2092	2	
175	2094	2	
176	2096	2	
177	2106	2	
178	2117	2	
179	2122	2	
180	2134	2	
181	2147	2	
182	2153	2	
183	2156	2	
184	2173	2	
185	2176	2	
186	2181	2	
187	2182	2	
188	2184	2	
189	2185	2	
190	2187	2	
191	2189	2	
192	2193	2	
193	2194	2	
194	2204	2	
195	2206	2	
196	2230	2	
197	2243	2	
198	2244	2	
199	2249	2	
200	2251	2	
201	2258	2	
202	2260	2	
203	2262	2	
204	2269	2	
205	2274	2	
206	2286	2	
207	2299	2	
208	2303	2	
209	2305	2	
210	2329	2	
211	2351	2	
212	2404	2	
213	2484	2	
214	2498	2	
215	2505	2	
216	2506	2	
217	2525	2	
218	2538	2	
219	2540	2	
220	2544	2	
221	2550	2	
222	2552	2	
223	2555	2	
224	2556	2	
225	2561	2	
226	2562	2	
227	2565	2	
228	2569	2	
229	2594	2	
230	2600	2	
231	2601	2	
232	2604	2	
233	2617	2	
234	2625	2	
235	2631	2	
236	2957	2	
237	3005	2	
238	3009	2	
239	3017	2	
240	3022	2	
241	3025	2	
242	3028	2	
243	3029	2	
244	3070	2	
245	3165	2	
246	3168	2	
247	3174	2	
248	3176	2	
249	3178	2	
250	3181	2	
251	3186	2	
252	3190	2	
253	3337	2	
254	3339	2	
255	3342	2	
256	3344	2	
257	3347	2	
258	3371	2	
259	3372	2	
260	3374	2	
261	3376	2	
262	3379	2	
263	3513	2	
264	3517	2	
265	3519	2	
266	3520	2	
267	3521	2	
268	3532	2	
269	3571	2	
270	3573	2	
271	3575	2	
272	3585	2	
273	3705	2	
274	3707	2	
275	3762	2	
276	3764	2	
277	3766	2	
278	3862	2	
279	3877	2	
280	3878	2	
281	3879	2	
282	3880	2	
283	3881	2	
284	3882	2	
285	3883	2	
286	3892	2	
287	3936	2	
288	3938	2	
289	3943	2	
290	3944	2	
291	3945	2	
292	3946	2	
293	3956	2	
294	4055	2	
295	4057	2	
296	4058	2	
297	4130	2	
298	4132	2	
299	4235	2	
300	4237	2	
301	4238	2	
302	4239	2	
303	4240	2	
304	4241	2	
305	4318	2	
306	4320	2	
307	4321	2	
308	4322	2	
309	4323	2	
310	4324	2	
311	4377	2	
312	4379	2	
313	4409	2	
314	4413	2	
315	4417	2	
316	4419	2	
317	4422	2	
318	4423	2	
319	4429	2	
320	4430	2	
321	4431	2	
322	4432	2	
323	4433	2	
324	4434	2	
325	4440	2	
326	4447	2	
327	4464	2	
328	4486	2	
329	4488	2	
330	4519	2	
331	4522	2	
332	4523	2	
333	4578	2	
334	4629	2	
335	4630	2	
336	4726	2	
337	4727	2	
338	4728	2	
339	4729	2	
340	4782	2	
341	4799	2	
342	4820	2	
343	4827	2	
344	4830	2	
345	4831	2	
346	4832	2	
347	4833	2	
348	4834	2	
349	4835	2	
350	4838	2	
351	4851	2	
352	4867	2	
353	4930	2	
354	4932	2	
355	4933	2	
356	4935	2	
357	4942	2	
358	4967	2	
359	5134	2	
360	5230	2	
361	5231	2	
362	5338	2	
363	5415	2	
364	5428	2	
365	5429	2	
366	5435	2	
367	5436	2	
368	5437	2	
369	5440	2	
370	5446	2	
371	5447	2	
372	5534	2	
373	5548	2	
374	5549	2	
375	5551	2	
376	5552	2	
377	5556	2	
378	5558	2	
379	5559	2	
380	5560	2	
381	5571	2	
382	5623	2	
383	5638	2	
384	5641	2	
385	5643	2	
386	5648	2	
387	5649	2	
388	5650	2	
389	5651	2	
390	5652	2	
391	5654	2	
392	5697	2	
393	5732	2	
394	5768	2	
395	5770	2	
396	5771	2	
397	5772	2	
398	5775	2	
399	5777	2	
400	5865	2	
401	5869	2	
402	5984	2	
403	5987	2	
404	5988	2	
405	6048	2	
406	6079	2	
407	6200	2	
408	6203	2	
409	6221	2	
410	6231	2	
411	6286	2	
412	6287	2	
413	6291	2	
414	6318	2	
415	6404	2	
416	6415	2	
417	6417	2	
418	6419	2	
419	6461	2	
420	6502	2	
421	6503	2	
422	6527	2	
423	6535	2	
424	6556	2	
425	6613	2	
426	6637	2	
427	6638	2	
428	6639	2	
429	6644	2	
430	6685	2	
431	6690	2	
432	6722	2	
433	6724	2	
434	6725	2	
435	6729	2	
436	6749	2	
437	6759	2	
438	6838	2	
439	6842	2	
440	6862	2	
441	6864	2	
442	6865	2	
443	6866	2	
444	6885	2	
445	6910	2	
446	6945	2	
447	6946	2	
448	6947	2	
449	6948	2	
450	7032	2	
451	7039	2	
452	7084	2	
453	7093	2	
454	7095	2	
455	7096	2	
456	7120	2	
457	7131	2	
458	7135	2	
459	7138	2	
460	7146	2	
461	7250	2	
462	7257	2	
463	7264	2	
464	7265	2	
465	7267	2	
466	7369	2	
467	7515	2	
468	7522	2	
469	7609	2	
470	7662	2	
471	7738	2	
472	7745	2	
473	7908	2	
474	7926	2	
475	7931	2	
476	7944	2	
477	7968	2	
478	7975	2	
479	7979	2	
480	7983	2	
481	8057	2	
482	8062	2	
483	8075	2	
484	8082	2	
485	8101	2	
486	8115	2	
487	8117	2	
488	8170	2	
489	8184	2	
490	8215	2	
491	8224	2	
492	8257	2	
493	8276	2	
494	8291	2	
495	8293	2	
496	8295	2	
497	8310	2	
498	8334	2	
499	8360	2	
500	8420	2	
501	8555	2	
502	8683	2	
503	8716	2	
504	8723	2	
505	8843	2	
506	8974	2	
507	9003	2	
508	9226	2	
509	9255	2	
510	9256	2	
511	9258	2	
512	9586	2	
513	9587	2	
514	9765	2	
515	9803	2	
516	9808	2	
517	9810	2	
518	9814	2	
519	9817	2	
520	9823	2	
521	9825	2	
522	9835	2	
523	9838	2	
524	9841	2	
525	9850	2	
526	9861	2	
527	9864	2	
528	9870	2	
529	9874	2	
530	9875	2	
531	9885	2	
532	9892	2	
533	9897	2	
534	9899	2	
535	9904	2	
536	9911	2	
537	9919	2	
538	9945	2	
539	9948	2	
540	9952	2	
541	9958	2	
542	9962	2	
543	9965	2	
544	9967	2	
545	9969	2	
546	9971	2	
547	9974	2	
548	9982	2	
549	9987	2	
550	9994	2	
551	10001	2	
552	10013	2	
553	10016	2	
554	10019	2	
555	10020	2	
556	10024	2	
557	10034	2	
558	10040	2	
559	10043	2	
560	10047	2	
561	10049	2	
562	10317	2	
563	10321	2	
564	10333	2	
565	10339	2	
566	10358	2	
567	10361	2	
568	10386	2	
569	10393	2	
570	10466	2	
571	10471	2	
572	10495	2	
573	10517	2	
574	10523	2	
575	10542	2	
576	10555	2	
577	10556	2	
578	10559	2	
579	10561	2	
580	10563	2	
581	10565	2	
582	10567	2	
583	10571	2	
584	10581	2	
585	10719	2	
586	10726	2	
587	10779	2	
588	10803	2	
589	10816	2	
590	10818	2	
591	10904	2	
592	10995	2	
593	11008	2	
594	11009	2	
595	11080	2	
596	11093	2	
597	11101	2	
598	11108	2	
599	11154	2	
600	11170	2	
601	11173	2	
602	11194	2	
603	11291	2	
604	11304	2	
605	11307	2	
606	11607	2	
607	11622	2	
608	11623	2	
609	11663	2	
610	11669	2	
611	11682	2	
612	11684	2	
613	11687	2	
614	11697	2	
615	11705	2	
616	11749	2	
617	11778	2	
618	11785	2	
619	11789	2	
620	11790	2	
621	11803	2	
622	11831	2	
623	11836	2	
624	11838	2	
625	11839	2	
626	11875	2	
627	11884	2	
628	11943	2	
629	12039	2	
630	12140	2	
631	12145	2	
632	12160	2	
633	12166	2	
634	12192	2	
635	12194	2	
636	12196	2	
637	12201	2	
638	12203	2	
639	12211	2	
640	12213	2	
641	12239	2	
642	12255	2	
643	12265	2	
644	12270	2	
645	12278	2	
646	12293	2	
647	12308	2	
648	12309	2	
649	12311	2	
650	12345	2	
651	12359	2	
652	12374	2	
653	12406	2	
654	12460	2	
655	12468	2	
656	12501	2	
657	12524	2	
658	12571	2	
659	12579	2	
660	12631	2	
661	12679	2	
662	12713	2	
663	12744	2	
664	12745	2	
665	12758	2	
666	12765	2	
667	12774	2	
668	12800	2	
669	12803	2	
670	12820	2	
671	12823	2	
672	12829	2	
673	12835	2	
674	12836	2	
675	12838	2	
676	12861	2	
677	12897	2	
678	12921	2	
679	12981	2	
680	13010	2	
681	13021	2	
682	13035	2	
683	13044	2	
684	13090	2	
685	13106	2	
686	13119	2	
687	13126	2	
688	13161	2	
689	13164	2	
690	13169	2	
691	13313	2	
692	13314	2	
693	13321	2	
694	13361	2	
695	13493	2	
696	13582	2	
697	13621	2	
698	13702	2	
699	13762	2	
700	13857	2	
701	14063	2	
702	14125	2	
703	14131	2	
704	14132	2	
705	14155	2	
706	14165	2	
707	14170	2	
708	14171	2	
709	14177	2	
710	14278	2	
711	14411	2	
712	14420	2	
713	14421	2	
714	14422	2	
715	14424	2	
716	14433	2	
717	14436	2	
718	14437	2	
719	14439	2	
720	14684	2	
721	14694	2	
722	14695	2	
723	14697	2	
724	14698	2	
725	14706	2	
726	14714	2	
727	14719	2	
728	14968	2	
729	14969	2	
730	14971	2	
731	14972	2	
732	14973	2	
733	14974	2	
734	14975	3	
735	14976	2	
736	14977	3	
737	14980	2	
738	14983	2	
739	14985	2	
740	14991	2	
741	15249	2	
742	15250	2	
743	15257	2	
744	15259	2	
745	15260	3	
746	15261	2	
747	15262	2	
748	15263	3	
749	15264	3	
750	15265	6	
751	15266	5	
752	15269	2	
753	15271	2	
754	15274	2	
755	15275	2	
756	15276	2	
757	15277	2	
758	15279	2	
759	15282	2	
760	15285	2	
761	15286	2	
762	15299	2	
763	15530	2	
764	15535	2	
765	15538	2	
766	15540	2	
767	15541	2	
768	15543	3	
769	15544	6	
770	15545	7	
771	15546	8	
772	15547	7	
773	15548	6	
774	15549	4	
775	15550	5	
776	15551	3	
777	15552	4	
778	15553	4	
779	15554	4	
780	15555	4	
781	15556	4	
782	15558	3	
783	15559	2	
784	15561	2	
785	15563	3	
786	15564	3	
787	15567	2	
788	15569	2	
789	15574	2	
790	15576	2	
791	15844	2	
792	15853	2	
793	15854	2	
794	15856	2	
795	15857	2	
796	15858	2	
797	15861	2	
798	15862	2	
799	15863	2	
800	15864	2	
801	15865	2	
802	15866	2	
803	15867	2	
804	15868	3	
805	15869	2	
806	15870	2	
807	15871	4	
808	15872	8	
809	15873	10	
810	15874	10	
811	15875	6	
812	15876	8	
813	15877	6	
814	15878	6	
815	15879	6	
816	15880	4	
817	15881	6	
818	15882	4	
819	15883	4	
820	15884	4	
821	15885	4	
822	15886	4	
823	15887	2	
824	15888	3	
825	15889	3	
826	15890	3	
827	15891	3	
828	15892	2	
829	15894	2	
830	15895	2	
831	15896	2	
832	15897	2	
833	15899	2	
834	15900	2	
835	15902	2	
836	15903	2	
837	15904	2	
838	15905	2	
839	15910	2	
840	15911	2	
841	15915	2	
842	15916	2	
843	15923	2	
