number	direction_ind	# of covercap	
0	5	2	
1	12	2	
2	26	2	
3	27	2	
4	33	2	
5	34	2	
6	35	2	
7	36	2	
8	45	2	
9	68	2	
10	145	2	
11	210	2	
12	250	2	
13	253	2	
14	270	2	
15	280	2	
16	281	2	
17	296	2	
18	309	2	
19	315	2	
20	366	2	
21	422	2	
22	424	2	
23	433	2	
24	437	2	
25	440	2	
26	476	2	
27	485	2	
28	486	2	
29	522	2	
30	527	2	
31	555	2	
32	582	2	
33	584	2	
34	591	2	
35	593	2	
36	600	2	
37	625	2	
38	630	2	
39	632	2	
40	634	2	
41	636	2	
42	654	2	
43	661	2	
44	663	2	
45	665	2	
46	667	3	
47	669	3	
48	676	2	
49	701	2	
50	705	2	
51	707	2	
52	710	2	
53	739	2	
54	744	2	
55	746	2	
56	749	2	
57	751	2	
58	752	4	
59	753	2	
60	755	2	
61	758	2	
62	760	2	
63	763	2	
64	829	2	
65	833	3	
66	837	2	
67	839	4	
68	853	2	
69	889	2	
70	911	2	
71	919	2	
72	920	2	
73	923	2	
74	927	2	
75	948	2	
76	951	2	
77	952	2	
78	955	2	
79	974	2	
80	1047	2	
81	1101	2	
82	1103	2	
83	1105	2	
84	1147	2	
85	1159	2	
86	1277	2	
87	1295	2	
88	1298	2	
89	1299	2	
90	1305	2	
91	1348	2	
92	1352	2	
93	1450	2	
94	1487	2	
95	1493	2	
96	1496	2	
97	1503	2	
98	1521	2	
99	1545	2	
100	1547	2	
101	1549	2	
102	1550	2	
103	1572	2	
104	1579	2	
105	1591	2	
106	1592	2	
107	1593	2	
108	1594	2	
109	1597	2	
110	1602	2	
111	1622	2	
112	1627	2	
113	1648	2	
114	1651	2	
115	1652	2	
116	1656	2	
117	1657	2	
118	1658	2	
119	1659	2	
120	1672	2	
121	1673	2	
122	1683	2	
123	1686	2	
124	1688	2	
125	1689	2	
126	1691	2	
127	1694	2	
128	1699	2	
129	1700	2	
130	1701	2	
131	1742	2	
132	1743	2	
133	1760	2	
134	1763	2	
135	1769	2	
136	1775	2	
137	1776	2	
138	1778	2	
139	1780	2	
140	1791	2	
141	1898	2	
142	1899	3	
143	1902	2	
144	1903	2	
145	1905	2	
146	1908	2	
147	1913	2	
148	1919	3	
149	1920	2	
150	1932	2	
151	1948	2	
152	1959	2	
153	1966	2	
154	1980	2	
155	1981	2	
156	1985	2	
157	1987	2	
158	1994	2	
159	1995	2	
160	1999	2	
161	2016	2	
162	2017	2	
163	2021	2	
164	2023	2	
165	2031	2	
166	2042	2	
167	2090	2	
168	2098	2	
169	2099	2	
170	2114	2	
171	2133	2	
172	2234	2	
173	2247	2	
174	2332	2	
175	2337	2	
176	2348	2	
177	2396	2	
178	2441	2	
179	2442	2	
180	2464	2	
181	2470	2	
182	2487	2	
183	2493	2	
184	2531	2	
185	2558	2	
186	2568	2	
187	2572	2	
188	2574	2	
189	2581	2	
190	2608	2	
191	2627	2	
192	2680	2	
193	2684	2	
194	2685	4	
195	2795	2	
196	2798	2	
197	2959	2	
198	2977	2	
199	3005	2	
200	3204	2	
201	3209	2	
202	3224	2	
203	3230	2	
204	3232	2	
205	3236	2	
206	3289	2	
207	3301	2	
208	3305	2	
209	3307	2	
210	3369	2	
211	3432	2	
212	3437	2	
213	3493	2	
214	3497	2	
215	3503	2	
216	3533	3	
217	3633	2	
218	3636	2	
219	3646	2	
220	3748	2	
221	3837	2	
222	3841	2	
223	3845	2	
224	3864	2	
225	3868	2	
226	3871	2	
227	3872	2	
228	3882	2	
229	3890	3	
230	3891	2	
231	3894	2	
232	3895	3	
233	3896	3	
234	3897	2	
235	3898	2	
236	3899	3	
237	3900	2	
238	3911	2	
239	3915	2	
240	3919	2	
241	3922	2	
242	3928	2	
243	3932	2	
244	3939	2	
245	3946	2	
246	3949	2	
247	3956	2	
248	3957	2	
249	3958	2	
250	3968	2	
251	3976	2	
252	3980	2	
253	4002	2	
254	4021	2	
255	4031	2	
256	4035	2	
257	4037	2	
258	4038	2	
259	4051	2	
260	4083	2	
261	4086	2	
262	4114	2	
263	4156	2	
264	4160	2	
265	4163	2	
266	4164	2	
267	4167	2	
268	4173	2	
269	4174	4	
270	4175	6	
271	4176	3	
272	4183	2	
273	4202	2	
274	4209	2	
275	4222	2	
276	4236	2	
277	4249	2	
278	4317	2	
279	4318	4	
280	4322	2	
281	4355	2	
282	4359	2	
283	4457	2	
284	4461	2	
285	4462	2	
286	4465	4	
287	4466	7	
288	4467	6	
289	4471	5	
290	4472	2	
291	4475	2	
292	4476	3	
293	4526	2	
294	4537	2	
295	4591	2	
296	4594	2	
297	4595	4	
298	4598	5	
299	4599	8	
300	4600	8	
301	4601	5	
302	4602	5	
303	4603	8	
304	4604	9	
305	4605	7	
306	4606	3	
307	4608	6	
308	4609	5	
309	4612	4	
310	4613	4	
311	4614	2	
312	4616	2	
313	4617	3	
314	4621	2	
315	4622	2	
316	4624	2	
317	4625	2	
318	4637	2	
319	4656	2	
320	4673	2	
321	4674	3	
322	4687	2	
323	4761	3	
324	4762	3	
325	4766	3	
326	4767	5	
327	4768	8	
328	4769	7	
329	4770	3	
330	4771	8	
331	4772	8	
332	4773	5	
333	4774	4	
334	4775	6	
335	4776	9	
336	4777	10	
337	4778	10	
338	4779	10	
339	4780	7	
340	4781	3	
341	4782	2	
342	4783	2	
343	4786	4	
344	4787	6	
345	4788	2	
346	4789	2	
347	4793	4	
348	4794	4	
349	4795	4	
350	4800	3	
351	4801	3	
352	4807	2	
353	4813	2	
354	4885	4	
355	4886	3	
356	4887	4	
357	4894	2	
358	4905	2	
359	4906	2	
360	4915	2	
361	4958	2	
362	4970	2	
363	5004	2	
364	5005	2	
365	5006	2	
366	5008	2	
367	5009	2	
368	5011	2	
369	5013	2	
370	5014	4	
371	5015	5	
372	5016	4	
373	5017	4	
374	5018	3	
375	5019	2	
376	5020	7	
377	5021	8	
378	5022	6	
379	5023	4	
380	5024	4	
381	5025	5	
382	5026	8	
383	5027	10	
384	5028	10	
385	5029	10	
386	5030	10	
387	5031	10	
388	5032	4	
389	5033	4	
390	5034	3	
391	5035	2	
392	5037	2	
393	5038	2	
394	5039	2	
395	5040	5	
396	5041	3	
397	5042	4	
398	5043	4	
399	5044	3	
400	5045	3	
401	5046	2	
402	5050	2	
403	5051	2	
404	5052	5	
405	5053	2	
406	5054	3	
407	5055	2	
408	5059	2	
409	5060	2	
410	5061	2	
411	5062	2	
412	5069	2	
413	5077	2	
414	5078	2	
415	5102	2	
416	5120	2	
417	5141	2	
