Point's Coordinates for twisted_polar_coordinates_25

num,   	x,,                 	y,,                 	z,,                 	theta,,             	phi,,               	norm,               	

1,     	0.125174932252,     	0.006297282866,     	-0.992114701314,    	0.050265482457,     	-1.445132620651,    	1.0,                	
2,     	0.032692109431,     	0.120994402419,     	-0.992114701314,    	1.306902543893,     	-1.445132620651,    	1.0,                	
3,     	-0.104970097459,    	0.068481370277,     	-0.992114701314,    	2.563539605329,     	-1.445132620651,    	1.0,                	
4,     	-0.097567197463,    	-0.078670587991,    	-0.992114701314,    	3.820176666765,     	-1.445132620651,    	1.0,                	
5,     	0.04467025324,      	-0.117102467571,    	-0.992114701314,    	5.076813728201,     	-1.445132620651,    	1.0,                	
6,     	0.248430285844,     	0.011360151996,     	-0.968583161129,    	0.045695893143,     	-1.319468914508,    	1.0,                	
7,     	0.202851093767,     	0.14386832082,      	-0.968583161129,    	0.616894557432,     	-1.319468914508,    	1.0,                	
8,     	0.092868112696,     	0.230699314308,     	-0.968583161129,    	1.188093221721,     	-1.319468914508,    	1.0,                	
9,     	-0.046599837981,    	0.244284905547,     	-0.968583161129,    	1.75929188601,      	-1.319468914508,    	1.0,                	
10,    	-0.171272669358,    	0.180311765309,     	-0.968583161129,    	2.330490550299,     	-1.319468914508,    	1.0,                	
11,    	-0.241567638369,    	0.059090913608,     	-0.968583161129,    	2.901689214588,     	-1.319468914508,    	1.0,                	
12,    	-0.235166589033,    	-0.080890885647,    	-0.968583161129,    	3.472887878877,     	-1.319468914508,    	1.0,                	
13,    	-0.154101809286,    	-0.195190400258,    	-0.968583161129,    	4.044086543166,     	-1.319468914508,    	1.0,                	
14,    	-0.024110793923,    	-0.247518341935,    	-0.968583161129,    	4.615285207456,     	-1.319468914508,    	1.0,                	
15,    	0.113535228152,     	-0.22126095893,     	-0.968583161129,    	5.186483871745,     	-1.319468914508,    	1.0,                	
16,    	0.215134617491,     	-0.124754784819,    	-0.968583161129,    	5.757682536034,     	-1.319468914508,    	1.0,                	
17,    	0.367715888402,     	0.017341041096,     	-0.929776485888,    	0.047123889804,     	-1.193805208364,    	1.0,                	
18,    	0.333089053946,     	0.15673981125,      	-0.929776485888,    	0.439822971503,     	-1.193805208364,    	1.0,                	
19,    	0.247752430487,     	0.272276365991,     	-0.929776485888,    	0.832522053201,     	-1.193805208364,    	1.0,                	
20,    	0.124697745368,     	0.346361312201,     	-0.929776485888,    	1.2252211349,       	-1.193805208364,    	1.0,                	
21,    	-0.017341041096,    	0.367715888402,     	-0.929776485888,    	1.617920216599,     	-1.193805208364,    	1.0,                	
22,    	-0.15673981125,     	0.333089053946,     	-0.929776485888,    	2.010619298297,     	-1.193805208364,    	1.0,                	
23,    	-0.272276365991,    	0.247752430487,     	-0.929776485888,    	2.403318379996,     	-1.193805208364,    	1.0,                	
24,    	-0.346361312201,    	0.124697745368,     	-0.929776485888,    	2.796017461695,     	-1.193805208364,    	1.0,                	
25,    	-0.367715888402,    	-0.017341041096,    	-0.929776485888,    	3.188716543394,     	-1.193805208364,    	1.0,                	
26,    	-0.333089053946,    	-0.15673981125,     	-0.929776485888,    	3.581415625092,     	-1.193805208364,    	1.0,                	
27,    	-0.247752430487,    	-0.272276365991,    	-0.929776485888,    	3.974114706791,     	-1.193805208364,    	1.0,                	
28,    	-0.124697745368,    	-0.346361312201,    	-0.929776485888,    	4.36681378849,      	-1.193805208364,    	1.0,                	
29,    	0.017341041096,     	-0.367715888402,    	-0.929776485888,    	4.759512870189,     	-1.193805208364,    	1.0,                	
30,    	0.15673981125,      	-0.333089053946,    	-0.929776485888,    	5.152211951887,     	-1.193805208364,    	1.0,                	
31,    	0.272276365991,     	-0.247752430487,    	-0.929776485888,    	5.544911033586,     	-1.193805208364,    	1.0,                	
32,    	0.346361312201,     	-0.124697745368,    	-0.929776485888,    	5.937610115285,     	-1.193805208364,    	1.0,                	
33,    	0.481201757814,     	0.023053650192,     	-0.876306680044,    	0.047871888055,     	-1.068141502221,    	1.0,                	
34,    	0.45302813118,      	0.163866149249,     	-0.876306680044,    	0.347071188397,     	-1.068141502221,    	1.0,                	
35,    	0.38460096701,      	0.29011842183,      	-0.876306680044,    	0.646270488738,     	-1.068141502221,    	1.0,                	
36,    	0.282000319128,     	0.390592399468,     	-0.876306680044,    	0.94546978908,      	-1.068141502221,    	1.0,                	
37,    	0.154342705352,     	0.456360528327,     	-0.876306680044,    	1.244669089422,     	-1.068141502221,    	1.0,                	
38,    	0.012971064885,     	0.481579021539,     	-0.876306680044,    	1.543868389764,     	-1.068141502221,    	1.0,                	
39,    	-0.12955311162,     	0.464007105312,     	-0.876306680044,    	1.843067690106,     	-1.068141502221,    	1.0,                	
40,    	-0.260565925623,    	0.405206121517,     	-0.876306680044,    	2.142266990448,     	-1.068141502221,    	1.0,                	
41,    	-0.36842631366,     	0.310400795607,     	-0.876306680044,    	2.44146629079,      	-1.068141502221,    	1.0,                	
42,    	-0.443550406916,    	0.188014996836,     	-0.876306680044,    	2.740665591132,     	-1.068141502221,    	1.0,                	
43,    	-0.479263100029,    	0.048923240506,     	-0.876306680044,    	3.039864891474,     	-1.068141502221,    	1.0,                	
44,    	-0.472391163492,    	-0.09451556044,     	-0.876306680044,    	3.339064191815,     	-1.068141502221,    	1.0,                	
45,    	-0.423545199025,    	-0.229556239065,    	-0.876306680044,    	3.638263492157,     	-1.068141502221,    	1.0,                	
46,    	-0.337065384927,    	-0.344199838458,    	-0.876306680044,    	3.937462792499,     	-1.068141502221,    	1.0,                	
47,    	-0.220635832191,    	-0.428259771709,    	-0.876306680044,    	4.236662092841,     	-1.068141502221,    	1.0,                	
48,    	-0.08460181752,     	-0.474266944856,    	-0.876306680044,    	4.535861393183,     	-1.068141502221,    	1.0,                	
49,    	0.058949439906,     	-0.478133418666,    	-0.876306680044,    	4.835060693525,     	-1.068141502221,    	1.0,                	
50,    	0.197262780901,     	-0.439515639974,    	-0.876306680044,    	5.134259993867,     	-1.068141502221,    	1.0,                	
51,    	0.31804845814,      	-0.361844967888,    	-0.876306680044,    	5.433459294209,     	-1.068141502221,    	1.0,                	
52,    	0.41057413414,      	-0.252022782474,    	-0.876306680044,    	5.732658594551,     	-1.068141502221,    	1.0,                	
53,    	0.466618496547,     	-0.119807266854,    	-0.876306680044,    	6.031857894892,     	-1.068141502221,    	1.0,                	
54,    	0.587042854012,     	0.029532869238,     	-0.809016994375,    	0.050265482457,     	-0.942477796077,    	1.0,                	
55,    	0.561255297339,     	0.174596660969,     	-0.809016994375,    	0.301592894745,     	-0.942477796077,    	1.0,                	
56,    	0.500202006181,     	0.308689902369,     	-0.809016994375,    	0.552920307032,     	-0.942477796077,    	1.0,                	
57,    	0.407719183361,     	0.423387021922,     	-0.809016994375,    	0.804247719319,     	-0.942477796077,    	1.0,                	
58,    	0.289617864763,     	0.511481177779,     	-0.809016994375,    	1.055575131606,     	-0.942477796077,    	1.0,                	
59,    	0.153318790583,     	0.56743709014,      	-0.809016994375,    	1.306902543893,     	-0.942477796077,    	1.0,                	
60,    	0.007386132923,     	0.58773884324,      	-0.809016994375,    	1.558229956181,     	-0.942477796077,    	1.0,                	
61,    	-0.139010622633,    	0.571110803267,     	-0.809016994375,    	1.809557368468,     	-0.942477796077,    	1.0,                	
62,    	-0.276672829523,    	0.518597771126,     	-0.809016994375,    	2.060884780755,     	-0.942477796077,    	1.0,                	
63,    	-0.396950665003,    	0.433499333755,     	-0.809016994375,    	2.312212193042,     	-0.942477796077,    	1.0,                	
64,    	-0.492286630318,    	0.321162538946,     	-0.809016994375,    	2.563539605329,     	-0.942477796077,    	1.0,                	
65,    	-0.556690416147,    	0.188645920662,     	-0.809016994375,    	2.814867017616,     	-0.942477796077,    	1.0,                	
66,    	-0.586115295765,    	0.044275985392,     	-0.809016994375,    	3.066194429904,     	-0.942477796077,    	1.0,                	
67,    	-0.578712395769,    	-0.102875972877,    	-0.809016994375,    	3.317521842191,     	-0.942477796077,    	1.0,                	
68,    	-0.534946867592,    	-0.243563855418,    	-0.809016994375,    	3.568849254478,     	-0.942477796077,    	1.0,                	
69,    	-0.457568660327,    	-0.368947725158,    	-0.809016994375,    	3.820176666765,     	-0.942477796077,    	1.0,                	
70,    	-0.351439731313,    	-0.471149252432,    	-0.809016994375,    	4.071504079052,     	-0.942477796077,    	1.0,                	
71,    	-0.223228551477,    	-0.543746739409,    	-0.809016994375,    	4.32283149134,      	-0.942477796077,    	1.0,                	
72,    	-0.080991100774,    	-0.582178618989,    	-0.809016994375,    	4.574158903627,     	-0.942477796077,    	1.0,                	
73,    	0.066335318656,     	-0.584030074835,    	-0.809016994375,    	4.825486315914,     	-0.942477796077,    	1.0,                	
74,    	0.20949364605,      	-0.549184773166,    	-0.809016994375,    	5.076813728201,     	-0.942477796077,    	1.0,                	
75,    	0.339488717198,     	-0.479832172439,    	-0.809016994375,    	5.328141140488,     	-0.942477796077,    	1.0,                	
76,    	0.448152463693,     	-0.380329951618,    	-0.809016994375,    	5.579468552775,     	-0.942477796077,    	1.0,                	
77,    	0.528657142705,     	-0.256930201182,    	-0.809016994375,    	5.830795965063,     	-0.942477796077,    	1.0,                	
78,    	0.575944349176,     	-0.117386581282,    	-0.809016994375,    	6.08212337735,      	-0.942477796077,    	1.0,                	
79,    	0.683682493229,     	0.034394602599,     	-0.728968627421,    	0.050265482457,     	-0.816814089933,    	1.0,                	
80,    	0.661591350434,     	0.17578858116,      	-0.728968627421,    	0.259704992697,     	-0.816814089933,    	1.0,                	
81,    	0.610585490958,     	0.309499755198,     	-0.728968627421,    	0.469144502936,     	-0.816814089933,    	1.0,                	
82,    	0.532894115612,     	0.429684304788,     	-0.728968627421,    	0.678584013175,     	-0.816814089933,    	1.0,                	
83,    	0.431912710305,     	0.531089588405,     	-0.728968627421,    	0.888023523415,     	-0.816814089933,    	1.0,                	
84,    	0.31205464701,      	0.609283708558,     	-0.728968627421,    	1.097463033654,     	-0.816814089933,    	1.0,                	
85,    	0.178558298237,     	0.66084920698,      	-0.728968627421,    	1.306902543893,     	-0.816814089933,    	1.0,                	
86,    	0.037258095013,     	0.68353242395,      	-0.728968627421,    	1.516342054133,     	-0.816814089933,    	1.0,                	
87,    	-0.105670465748,    	0.676341994041,     	-0.728968627421,    	1.725781564372,     	-0.816814089933,    	1.0,                	
88,    	-0.243980720092,    	0.639592173544,     	-0.728968627421,    	1.935221074611,     	-0.816814089933,    	1.0,                	
89,    	-0.371627846218,    	0.574889105959,     	-0.728968627421,    	2.144660584851,     	-0.816814089933,    	1.0,                	
90,    	-0.483033052197,    	0.48506062582,      	-0.728968627421,    	2.35410009509,      	-0.816814089933,    	1.0,                	
91,    	-0.573327395945,    	0.374032668753,     	-0.728968627421,    	2.563539605329,     	-0.816814089933,    	1.0,                	
92,    	-0.63856458136,     	0.246657689253,     	-0.728968627421,    	2.772979115569,     	-0.816814089933,    	1.0,                	
93,    	-0.675893430397,    	0.108502585139,     	-0.728968627421,    	2.982418625808,     	-0.816814089933,    	1.0,                	
94,    	-0.683682493229,    	-0.034394602599,    	-0.728968627421,    	3.191858136047,     	-0.816814089933,    	1.0,                	
95,    	-0.661591350434,    	-0.17578858116,     	-0.728968627421,    	3.401297646287,     	-0.816814089933,    	1.0,                	
96,    	-0.610585490958,    	-0.309499755198,    	-0.728968627421,    	3.610737156526,     	-0.816814089933,    	1.0,                	
97,    	-0.532894115612,    	-0.429684304788,    	-0.728968627421,    	3.820176666765,     	-0.816814089933,    	1.0,                	
98,    	-0.431912710305,    	-0.531089588405,    	-0.728968627421,    	4.029616177005,     	-0.816814089933,    	1.0,                	
99,    	-0.31205464701,     	-0.609283708558,    	-0.728968627421,    	4.239055687244,     	-0.816814089933,    	1.0,                	
100,   	-0.178558298237,    	-0.66084920698,     	-0.728968627421,    	4.448495197483,     	-0.816814089933,    	1.0,                	
101,   	-0.037258095013,    	-0.68353242395,     	-0.728968627421,    	4.657934707722,     	-0.816814089933,    	1.0,                	
102,   	0.105670465748,     	-0.676341994041,    	-0.728968627421,    	4.867374217962,     	-0.816814089933,    	1.0,                	
103,   	0.243980720092,     	-0.639592173544,    	-0.728968627421,    	5.076813728201,     	-0.816814089933,    	1.0,                	
104,   	0.371627846218,     	-0.574889105959,    	-0.728968627421,    	5.28625323844,      	-0.816814089933,    	1.0,                	
105,   	0.483033052197,     	-0.48506062582,     	-0.728968627421,    	5.49569274868,      	-0.816814089933,    	1.0,                	
106,   	0.573327395945,     	-0.374032668753,    	-0.728968627421,    	5.705132258919,     	-0.816814089933,    	1.0,                	
107,   	0.63856458136,      	-0.246657689253,    	-0.728968627421,    	5.914571769158,     	-0.816814089933,    	1.0,                	
108,   	0.675893430397,     	-0.108502585139,    	-0.728968627421,    	6.124011279398,     	-0.816814089933,    	1.0,                	
109,   	0.76941854265,      	0.041058050593,     	-0.637423989749,    	0.053311875334,     	-0.69115038379,     	1.0,                	
110,   	0.747743860069,     	0.185929494762,     	-0.637423989749,    	0.243711430097,     	-0.69115038379,     	1.0,                	
111,   	0.699043766157,     	0.324080962555,     	-0.637423989749,    	0.43411098486,      	-0.69115038379,     	1.0,                	
112,   	0.625078409195,     	0.450519299977,     	-0.637423989749,    	0.624510539623,     	-0.69115038379,     	1.0,                	
113,   	0.528521089899,     	0.560674696081,     	-0.637423989749,    	0.814910094386,     	-0.69115038379,     	1.0,                	
114,   	0.412861641365,     	0.650565847845,     	-0.637423989749,    	1.005309649149,     	-0.69115038379,     	1.0,                	
115,   	0.282280297413,     	0.716943854835,     	-0.637423989749,    	1.195709203912,     	-0.69115038379,     	1.0,                	
116,   	0.141496608037,     	0.757409642932,     	-0.637423989749,    	1.386108758675,     	-0.69115038379,     	1.0,                	
117,   	-0.004401137418,    	0.770500673123,     	-0.637423989749,    	1.576508313438,     	-0.69115038379,     	1.0,                	
118,   	-0.150139814301,    	0.755743801466,     	-0.637423989749,    	1.766907868201,     	-0.69115038379,     	1.0,                	
119,   	-0.290452047109,    	0.713672379754,     	-0.637423989749,    	1.957307422964,     	-0.69115038379,     	1.0,                	
120,   	-0.420266586169,    	0.645806978782,     	-0.637423989749,    	2.147706977727,     	-0.69115038379,     	1.0,                	
121,   	-0.534891595811,    	0.554600430963,     	-0.637423989749,    	2.33810653249,      	-0.69115038379,     	1.0,                	
122,   	-0.630184229534,    	0.443349178571,     	-0.637423989749,    	2.528506087253,     	-0.69115038379,     	1.0,                	
123,   	-0.702700363272,    	0.316074131732,     	-0.637423989749,    	2.718905642016,     	-0.69115038379,     	1.0,                	
124,   	-0.749819075014,    	0.177375342248,     	-0.637423989749,    	2.909305196779,     	-0.69115038379,     	1.0,                	
125,   	-0.769837371751,    	0.032265745748,     	-0.637423989749,    	3.099704751542,     	-0.69115038379,     	1.0,                	
126,   	-0.76203174008,     	-0.11401001887,     	-0.637423989749,    	3.290104306305,     	-0.69115038379,     	1.0,                	
127,   	-0.726684295869,    	-0.256165164356,    	-0.637423989749,    	3.480503861068,     	-0.69115038379,     	1.0,                	
128,   	-0.665072587848,    	-0.389061833371,    	-0.637423989749,    	3.670903415831,     	-0.69115038379,     	1.0,                	
129,   	-0.579423423672,    	-0.507896794037,    	-0.637423989749,    	3.861302970594,     	-0.69115038379,     	1.0,                	
130,   	-0.472832387292,    	-0.608375041254,    	-0.637423989749,    	4.051702525357,     	-0.69115038379,     	1.0,                	
131,   	-0.349151956482,    	-0.686865029375,    	-0.637423989749,    	4.24210208012,      	-0.69115038379,     	1.0,                	
132,   	-0.212852264258,    	-0.740529925724,    	-0.637423989749,    	4.432501634883,     	-0.69115038379,     	1.0,                	
133,   	-0.068859536623,    	-0.767430141126,    	-0.637423989749,    	4.622901189646,     	-0.69115038379,     	1.0,                	
134,   	0.077621954078,     	-0.766593431708,    	-0.637423989749,    	4.813300744409,     	-0.69115038379,     	1.0,                	
135,   	0.221297985116,     	-0.738050038328,    	-0.637423989749,    	5.003700299172,     	-0.69115038379,     	1.0,                	
136,   	0.356975730385,     	-0.682831593593,    	-0.637423989749,    	5.194099853935,     	-0.69115038379,     	1.0,                	
137,   	0.479751442668,     	-0.602933835965,    	-0.637423989749,    	5.384499408698,     	-0.69115038379,     	1.0,                	
138,   	0.585187687832,     	-0.501244478576,    	-0.637423989749,    	5.574898963461,     	-0.69115038379,     	1.0,                	
139,   	0.669473725266,     	-0.381438839751,    	-0.637423989749,    	5.765298518224,     	-0.69115038379,     	1.0,                	
140,   	0.729563237973,     	-0.247847007429,    	-0.637423989749,    	5.955698072987,     	-0.69115038379,     	1.0,                	
141,   	0.7632844344,       	-0.1052973385,      	-0.637423989749,    	6.14609762775,      	-0.69115038379,     	1.0,                	
142,   	0.843081602732,     	0.045859098523,     	-0.535826794979,    	0.054341062116,     	-0.565486677646,    	1.0,                	
143,   	0.823204416105,     	0.187680939598,     	-0.535826794979,    	0.224156881229,     	-0.565486677646,    	1.0,                	
144,   	0.77964513723,      	0.324103541751,     	-0.535826794979,    	0.393972700342,     	-0.565486677646,    	1.0,                	
145,   	0.713656887254,     	0.451202275102,     	-0.535826794979,    	0.563788519455,     	-0.565486677646,    	1.0,                	
146,   	0.627138027984,     	0.5653207405,       	-0.535826794979,    	0.733604338568,     	-0.565486677646,    	1.0,                	
147,   	0.522577549475,     	0.66317595747,      	-0.535826794979,    	0.903420157681,     	-0.565486677646,    	1.0,                	
148,   	0.402983466323,     	0.741952809586,     	-0.535826794979,    	1.073235976794,     	-0.565486677646,    	1.0,                	
149,   	0.271796282555,     	0.79938503024,      	-0.535826794979,    	1.243051795907,     	-0.565486677646,    	1.0,                	
150,   	0.132790014596,     	0.833820399011,     	-0.535826794979,    	1.41286761502,      	-0.565486677646,    	1.0,                	
151,   	-0.010036380313,    	0.844268273035,     	-0.535826794979,    	1.582683434133,     	-0.565486677646,    	1.0,                	
152,   	-0.152574046833,    	0.830428085999,     	-0.535826794979,    	1.752499253246,     	-0.565486677646,    	1.0,                	
153,   	-0.290722435817,    	0.792697994885,     	-0.535826794979,    	1.922315072359,     	-0.565486677646,    	1.0,                	
154,   	-0.420507269639,    	0.732163425721,     	-0.535826794979,    	2.092130891472,     	-0.565486677646,    	1.0,                	
155,   	-0.53819487493,     	0.650565847845,     	-0.535826794979,    	2.261946710585,     	-0.565486677646,    	1.0,                	
156,   	-0.640399593557,    	0.550252675008,     	-0.535826794979,    	2.431762529698,     	-0.565486677646,    	1.0,                	
157,   	-0.724181181851,    	0.434109734555,     	-0.535826794979,    	2.601578348811,     	-0.565486677646,    	1.0,                	
158,   	-0.787129396056,    	0.305478247419,     	-0.535826794979,    	2.771394167924,     	-0.565486677646,    	1.0,                	
159,   	-0.82743333066,     	0.168058707289,     	-0.535826794979,    	2.941209987036,     	-0.565486677646,    	1.0,                	
160,   	-0.843933514844,    	0.025804424133,     	-0.535826794979,    	3.111025806149,     	-0.565486677646,    	1.0,                	
161,   	-0.836155268353,    	-0.117192205323,    	-0.535826794979,    	3.280841625262,     	-0.565486677646,    	1.0,                	
162,   	-0.804322357175,    	-0.256817428403,    	-0.535826794979,    	3.450657444375,     	-0.565486677646,    	1.0,                	
163,   	-0.749350556207,    	-0.389054481654,    	-0.535826794979,    	3.620473263488,     	-0.565486677646,    	1.0,                	
164,   	-0.672821304076,    	-0.510099145818,    	-0.535826794979,    	3.790289082601,     	-0.565486677646,    	1.0,                	
165,   	-0.576936208029,    	-0.616469186292,    	-0.535826794979,    	3.960104901714,     	-0.565486677646,    	1.0,                	
166,   	-0.464453707703,    	-0.705104530679,    	-0.535826794979,    	4.129920720827,     	-0.565486677646,    	1.0,                	
167,   	-0.338609719834,    	-0.773455301499,    	-0.535826794979,    	4.29973653994,      	-0.565486677646,    	1.0,                	
168,   	-0.203024546832,    	-0.819555171521,    	-0.535826794979,    	4.469552359053,     	-0.565486677646,    	1.0,                	
169,   	-0.061598727262,    	-0.842077931419,    	-0.535826794979,    	4.639368178166,     	-0.565486677646,    	1.0,                	
170,   	0.081599175538,     	-0.840375642397,    	-0.535826794979,    	4.809183997279,     	-0.565486677646,    	1.0,                	
171,   	0.222449618625,     	-0.814497276212,    	-0.535826794979,    	4.978999816392,     	-0.565486677646,    	1.0,                	
172,   	0.356900591197,     	-0.765187306341,    	-0.535826794979,    	5.148815635505,     	-0.565486677646,    	1.0,                	
173,   	0.481084183568,     	-0.69386429084,     	-0.535826794979,    	5.318631454618,     	-0.565486677646,    	1.0,                	
174,   	0.591427859885,     	-0.602580063008,    	-0.535826794979,    	5.488447273731,     	-0.565486677646,    	1.0,                	
175,   	0.684757233484,     	-0.493960703877,    	-0.535826794979,    	5.658263092844,     	-0.565486677646,    	1.0,                	
176,   	0.758387388209,     	-0.371130994648,    	-0.535826794979,    	5.828078911957,     	-0.565486677646,    	1.0,                	
177,   	0.810200118568,     	-0.237624522419,    	-0.535826794979,    	5.99789473107,      	-0.565486677646,    	1.0,                	
178,   	0.838704866644,     	-0.097282025322,    	-0.535826794979,    	6.167710550183,     	-0.565486677646,    	1.0,                	
179,   	0.903305631628,     	0.05244931595,      	-0.425779291565,    	0.057998633605,     	-0.439822971503,    	1.0,                	
180,   	0.883194598989,     	0.196670524459,     	-0.425779291565,    	0.219105949173,     	-0.439822971503,    	1.0,                	
181,   	0.840209290157,     	0.335798069691,     	-0.425779291565,    	0.380213264742,     	-0.439822971503,    	1.0,                	
182,   	0.775463002052,     	0.466228621304,     	-0.425779291565,    	0.541320580311,     	-0.439822971503,    	1.0,                	
183,   	0.690632629525,     	0.584584096525,     	-0.425779291565,    	0.70242789588,      	-0.439822971503,    	1.0,                	
184,   	0.587915234666,     	0.687799150713,     	-0.425779291565,    	0.863535211448,     	-0.439822971503,    	1.0,                	
185,   	0.469971144048,     	0.773200568182,     	-0.425779291565,    	1.024642527017,     	-0.439822971503,    	1.0,                	
186,   	0.339855047662,     	0.838576497079,     	-0.425779291565,    	1.185749842586,     	-0.439822971503,    	1.0,                	
187,   	0.20093688406,      	0.882233735185,     	-0.425779291565,    	1.346857158154,     	-0.439822971503,    	1.0,                	
188,   	0.056814560709,     	0.903041582966,     	-0.425779291565,    	1.507964473723,     	-0.439822971503,    	1.0,                	
189,   	-0.088779229922,    	0.900461128094,     	-0.425779291565,    	1.669071789292,     	-0.439822971503,    	1.0,                	
190,   	-0.232073685132,    	0.874559202995,     	-0.425779291565,    	1.830179104861,     	-0.439822971503,    	1.0,                	
191,   	-0.369357553799,    	0.826006653923,     	-0.425779291565,    	1.991286420429,     	-0.439822971503,    	1.0,                	
192,   	-0.497075255838,    	0.756060966396,     	-0.425779291565,    	2.152393735998,     	-0.439822971503,    	1.0,                	
193,   	-0.611918969852,    	0.66653369698,      	-0.425779291565,    	2.313501051567,     	-0.439822971503,    	1.0,                	
194,   	-0.710914303973,    	0.559743554926,     	-0.425779291565,    	2.474608367135,     	-0.439822971503,    	1.0,                	
195,   	-0.791497331047,    	0.438456348819,     	-0.425779291565,    	2.635715682704,     	-0.439822971503,    	1.0,                	
196,   	-0.851580993001,    	0.305813353589,     	-0.425779291565,    	2.796822998273,     	-0.439822971503,    	1.0,                	
197,   	-0.889609154552,    	0.165249953137,     	-0.425779291565,    	2.957930313841,     	-0.439822971503,    	1.0,                	
198,   	-0.90459690629,     	0.0204066657,       	-0.425779291565,    	3.11903762941,      	-0.439822971503,    	1.0,                	
199,   	-0.896156073318,    	-0.124965143659,    	-0.425779291565,    	3.280144944979,     	-0.439822971503,    	1.0,                	
200,   	-0.864505268776,    	-0.267100421439,    	-0.425779291565,    	3.441252260548,     	-0.439822971503,    	1.0,                	
201,   	-0.810464231877,    	-0.402317938605,    	-0.425779291565,    	3.602359576116,     	-0.439822971503,    	1.0,                	
202,   	-0.735432597089,    	-0.527115632488,    	-0.425779291565,    	3.763466891685,     	-0.439822971503,    	1.0,                	
203,   	-0.641353644341,    	-0.638261308372,    	-0.425779291565,    	3.924574207254,     	-0.439822971503,    	1.0,                	
204,   	-0.530663969093,    	-0.732876351632,    	-0.425779291565,    	4.085681522822,     	-0.439822971503,    	1.0,                	
205,   	-0.40623037579,     	-0.808510282346,    	-0.425779291565,    	4.246788838391,     	-0.439822971503,    	1.0,                	
206,   	-0.271275629137,    	-0.863204221439,    	-0.425779291565,    	4.40789615396,      	-0.439822971503,    	1.0,                	
207,   	-0.129294986184,    	-0.895541624617,    	-0.425779291565,    	4.569003469529,     	-0.439822971503,    	1.0,                	
208,   	0.016034328995,     	-0.904684970124,    	-0.425779291565,    	4.730110785097,     	-0.439822971503,    	1.0,                	
209,   	0.160948363476,     	-0.890397450114,    	-0.425779291565,    	4.891218100666,     	-0.439822971503,    	1.0,                	
210,   	0.301693919886,     	-0.85304910385,     	-0.425779291565,    	5.052325416235,     	-0.439822971503,    	1.0,                	
211,   	0.434625762242,     	-0.793607233882,    	-0.425779291565,    	5.213432731803,     	-0.439822971503,    	1.0,                	
212,   	0.556301025655,     	-0.713611353419,    	-0.425779291565,    	5.374540047372,     	-0.439822971503,    	1.0,                	
213,   	0.663568384716,     	-0.615133313746,    	-0.425779291565,    	5.535647362941,     	-0.439822971503,    	1.0,                	
214,   	0.753649671168,     	-0.500723644361,    	-0.425779291565,    	5.696754678509,     	-0.439822971503,    	1.0,                	
215,   	0.824211827011,     	-0.373345495606,    	-0.425779291565,    	5.857861994078,     	-0.439822971503,    	1.0,                	
216,   	0.873427329473,     	-0.236297894623,    	-0.425779291565,    	6.018969309647,     	-0.439822971503,    	1.0,                	
217,   	0.900021522892,     	-0.093130302292,    	-0.425779291565,    	6.180076625216,     	-0.439822971503,    	1.0,                	
218,   	0.949270224765,     	0.058262660103,     	-0.309016994375,    	0.061299368851,     	-0.314159265359,    	1.0,                	
219,   	0.929251426651,     	0.202485266758,     	-0.309016994375,    	0.214547790977,     	-0.314159265359,    	1.0,                	
220,   	0.887451762694,     	0.341961790379,     	-0.309016994375,    	0.367796213103,     	-0.314159265359,    	1.0,                	
221,   	0.824850981588,     	0.473423019466,     	-0.309016994375,    	0.52104463523,      	-0.314159265359,    	1.0,                	
222,   	0.742916392585,     	0.593787614232,     	-0.309016994375,    	0.674293057356,     	-0.314159265359,    	1.0,                	
223,   	0.643568473007,     	0.700234330591,     	-0.309016994375,    	0.827541479482,     	-0.314159265359,    	1.0,                	
224,   	0.529135853885,     	0.790268147733,     	-0.309016994375,    	0.980789901609,     	-0.314159265359,    	1.0,                	
225,   	0.402300738822,     	0.861778749292,     	-0.309016994375,    	1.134038323735,     	-0.314159265359,    	1.0,                	
226,   	0.266036035416,     	0.913089987377,     	-0.309016994375,    	1.287286745861,     	-0.314159265359,    	1.0,                	
227,   	0.123535672821,     	0.942999170057,     	-0.309016994375,    	1.440535167988,     	-0.314159265359,    	1.0,                	
228,   	-0.02186026124,     	0.95080525144,      	-0.309016994375,    	1.593783590114,     	-0.314159265359,    	1.0,                	
229,   	-0.166743809306,    	0.936325263595,     	-0.309016994375,    	1.74703201224,      	-0.314159265359,    	1.0,                	
230,   	-0.307719023808,    	0.899898605163,     	-0.309016994375,    	1.900280434367,     	-0.314159265359,    	1.0,                	
231,   	-0.441481565202,    	0.842379086145,     	-0.309016994375,    	2.053528856493,     	-0.314159265359,    	1.0,                	
232,   	-0.56489615289,     	0.765114915315,     	-0.309016994375,    	2.206777278619,     	-0.314159265359,    	1.0,                	
233,   	-0.675070053538,    	0.669917099352,     	-0.309016994375,    	2.360025700746,     	-0.314159265359,    	1.0,                	
234,   	-0.769420884294,    	0.559016994375,     	-0.309016994375,    	2.513274122872,     	-0.314159265359,    	1.0,                	
235,   	-0.845737141653,    	0.435014004851,     	-0.309016994375,    	2.666522544998,     	-0.314159265359,    	1.0,                	
236,   	-0.902230037225,    	0.300814655754,     	-0.309016994375,    	2.819770967124,     	-0.314159265359,    	1.0,                	
237,   	-0.93757542542,     	0.159564466084,     	-0.309016994375,    	2.973019389251,     	-0.314159265359,    	1.0,                	
238,   	-0.950944840294,    	0.014574220571,     	-0.309016994375,    	3.126267811377,     	-0.314159265359,    	1.0,                	
239,   	-0.942024914096,    	-0.130757632321,    	-0.309016994375,    	3.279516233503,     	-0.314159265359,    	1.0,                	
240,   	-0.911024722334,    	-0.273024637135,    	-0.309016994375,    	3.43276465563,      	-0.314159265359,    	1.0,                	
241,   	-0.85867088323,     	-0.408892175861,    	-0.309016994375,    	3.586013077756,     	-0.314159265359,    	1.0,                	
242,   	-0.786190526399,    	-0.535175628545,    	-0.309016994375,    	3.739261499882,     	-0.314159265359,    	1.0,                	
243,   	-0.695282529973,    	-0.64891501809,     	-0.309016994375,    	3.892509922009,     	-0.314159265359,    	1.0,                	
244,   	-0.588077700338,    	-0.747444389605,    	-0.309016994375,    	4.045758344135,     	-0.314159265359,    	1.0,                	
245,   	-0.467088827839,    	-0.828454298133,    	-0.309016994375,    	4.199006766261,     	-0.314159265359,    	1.0,                	
246,   	-0.335151789102,    	-0.890045940078,    	-0.309016994375,    	4.352255188388,     	-0.314159265359,    	1.0,                	
247,   	-0.19535907649,     	-0.930775659555,    	-0.309016994375,    	4.505503610514,     	-0.314159265359,    	1.0,                	
248,   	-0.050987312703,    	-0.949688786462,    	-0.309016994375,    	4.65875203264,      	-0.314159265359,    	1.0,                	
249,   	0.094579550478,     	-0.946342013132,    	-0.309016994375,    	4.812000454767,     	-0.314159265359,    	1.0,                	
250,   	0.237929549159,     	-0.920813785097,    	-0.309016994375,    	4.965248876893,     	-0.314159265359,    	1.0,                	
251,   	0.375702680866,     	-0.873702462385,    	-0.309016994375,    	5.118497299019,     	-0.314159265359,    	1.0,                	
252,   	0.504669660165,     	-0.80611229447,     	-0.309016994375,    	5.271745721146,     	-0.314159265359,    	1.0,                	
253,   	0.621807610368,     	-0.719627537602,    	-0.309016994375,    	5.424994143272,     	-0.314159265359,    	1.0,                	
254,   	0.724370917204,     	-0.616275321181,    	-0.309016994375,    	5.578242565398,     	-0.314159265359,    	1.0,                	
255,   	0.809955583688,     	-0.498478133562,    	-0.309016994375,    	5.731490987525,     	-0.314159265359,    	1.0,                	
256,   	0.876555577778,     	-0.368997040983,    	-0.309016994375,    	5.884739409651,     	-0.314159265359,    	1.0,                	
257,   	0.922609852058,     	-0.230866970511,    	-0.309016994375,    	6.037987831777,     	-0.314159265359,    	1.0,                	
258,   	0.947038933374,     	-0.087325573923,    	-0.309016994375,    	6.191236253904,     	-0.314159265359,    	1.0,                	
259,   	0.980257759937,     	0.063110752073,     	-0.187381314586,    	0.064293058957,     	-0.188495559215,    	1.0,                	
260,   	0.960622514599,     	0.205164878546,     	-0.187381314586,    	0.210413647496,     	-0.188495559215,    	1.0,                	
261,   	0.920513268148,     	0.34284627183,      	-0.187381314586,    	0.356534236035,     	-0.188495559215,    	1.0,                	
262,   	0.860784879535,     	0.473220492062,     	-0.187381314586,    	0.502654824574,     	-0.188495559215,    	1.0,                	
263,   	0.782710355667,     	0.593508839088,     	-0.187381314586,    	0.648775413113,     	-0.188495559215,    	1.0,                	
264,   	0.687953719471,     	0.701147575629,     	-0.187381314586,    	0.794896001652,     	-0.188495559215,    	1.0,                	
265,   	0.578534544135,     	0.793842568893,     	-0.187381314586,    	0.941016590192,     	-0.188495559215,    	1.0,                	
266,   	0.456784909414,     	0.869618186031,     	-0.187381314586,    	1.087137178731,     	-0.188495559215,    	1.0,                	
267,   	0.325299697396,     	0.926859401322,     	-0.187381314586,    	1.23325776727,      	-0.188495559215,    	1.0,                	
268,   	0.186881287097,     	0.96434621764,      	-0.187381314586,    	1.379378355809,     	-0.188495559215,    	1.0,                	
269,   	0.044479826617,     	0.98127966858,      	-0.187381314586,    	1.525498944348,     	-0.188495559215,    	1.0,                	
270,   	-0.098869644143,    	0.977298847033,     	-0.187381314586,    	1.671619532887,     	-0.188495559215,    	1.0,                	
271,   	-0.240111880091,    	0.952488597298,     	-0.187381314586,    	1.817740121426,     	-0.188495559215,    	1.0,                	
272,   	-0.376236548185,    	0.907377706776,     	-0.187381314586,    	1.963860709965,     	-0.188495559215,    	1.0,                	
273,   	-0.504342387457,    	0.842927635778,     	-0.187381314586,    	2.109981298504,     	-0.188495559215,    	1.0,                	
274,   	-0.621699044355,    	0.760512025672,     	-0.187381314586,    	2.256101887043,     	-0.188495559215,    	1.0,                	
275,   	-0.725805265486,    	0.661887422102,     	-0.187381314586,    	2.402222475582,     	-0.188495559215,    	1.0,                	
276,   	-0.81444220749,     	0.549155837266,     	-0.187381314586,    	2.548343064121,     	-0.188495559215,    	1.0,                	
277,   	-0.885720727835,    	0.424719949176,     	-0.187381314586,    	2.69446365266,      	-0.188495559215,    	1.0,                	
278,   	-0.93812164861,     	0.291231892746,     	-0.187381314586,    	2.840584241199,     	-0.188495559215,    	1.0,                	
279,   	-0.970528135166,    	0.151536734145,     	-0.187381314586,    	2.986704829738,     	-0.188495559215,    	1.0,                	
280,   	-0.982249499503,    	0.008611833147,     	-0.187381314586,    	3.132825418277,     	-0.188495559215,    	1.0,                	
281,   	-0.973035921091,    	-0.134496614124,    	-0.187381314586,    	3.278946006817,     	-0.188495559215,    	1.0,                	
282,   	-0.943083771357,    	-0.274738499571,    	-0.187381314586,    	3.425066595356,     	-0.188495559215,    	1.0,                	
283,   	-0.893031428372,    	-0.409124810887,    	-0.187381314586,    	3.571187183895,     	-0.188495559215,    	1.0,                	
284,   	-0.823945670928,    	-0.534791337161,    	-0.187381314586,    	3.717307772434,     	-0.188495559215,    	1.0,                	
285,   	-0.737298942002,    	-0.649059714562,    	-0.187381314586,    	3.863428360973,     	-0.188495559215,    	1.0,                	
286,   	-0.634937966188,    	-0.749494511012,    	-0.187381314586,    	4.009548949512,     	-0.188495559215,    	1.0,                	
287,   	-0.519044389973,    	-0.833955133195,    	-0.187381314586,    	4.155669538051,     	-0.188495559215,    	1.0,                	
288,   	-0.392088283725,    	-0.900641449585,    	-0.187381314586,    	4.30179012659,      	-0.188495559215,    	1.0,                	
289,   	-0.256775496433,    	-0.948132157126,    	-0.187381314586,    	4.447910715129,     	-0.188495559215,    	1.0,                	
290,   	-0.115989985235,    	-0.975415073837,    	-0.187381314586,    	4.594031303668,     	-0.188495559215,    	1.0,                	
291,   	0.027267651121,     	-0.981908711717,    	-0.187381314586,    	4.740151892207,     	-0.188495559215,    	1.0,                	
292,   	0.169944124835,     	-0.967474670148,    	-0.187381314586,    	4.886272480746,     	-0.188495559215,    	1.0,                	
293,   	0.308998534576,     	-0.932420585666,    	-0.187381314586,    	5.032393069285,     	-0.188495559215,    	1.0,                	
294,   	0.441467177021,     	-0.877493575223,    	-0.187381314586,    	5.178513657824,     	-0.188495559215,    	1.0,                	
295,   	0.564526713041,     	-0.803864312684,    	-0.187381314586,    	5.324634246363,     	-0.188495559215,    	1.0,                	
296,   	0.675554342276,     	-0.71310207795,     	-0.187381314586,    	5.470754834902,     	-0.188495559215,    	1.0,                	
297,   	0.772183703569,     	-0.607141310476,    	-0.187381314586,    	5.616875423441,     	-0.188495559215,    	1.0,                	
298,   	0.852355309847,     	-0.488240380059,    	-0.187381314586,    	5.762996011981,     	-0.188495559215,    	1.0,                	
299,   	0.914360442513,     	-0.358933453599,    	-0.187381314586,    	5.90911660052,      	-0.188495559215,    	1.0,                	
300,   	0.956877569813,     	-0.221976483738,    	-0.187381314586,    	6.055237189059,     	-0.188495559215,    	1.0,                	
301,   	0.979000512996,     	-0.08028847051,     	-0.187381314586,    	6.201357777598,     	-0.188495559215,    	1.0,                	
302,   	0.995572926895,     	0.069942103853,     	-0.062790519529,    	0.070137882499,     	-0.062831853072,    	1.0,                	
303,   	0.974779820664,     	0.214153337317,     	-0.062790519529,    	0.216258471038,     	-0.062831853072,    	1.0,                	
304,   	0.933210974919,     	0.353800264199,     	-0.062790519529,    	0.362379059577,     	-0.062831853072,    	1.0,                	
305,   	0.871752357439,     	0.4859065527,       	-0.062790519529,    	0.508499648116,     	-0.062831853072,    	1.0,                	
306,   	0.791713851953,     	0.607656586637,     	-0.062790519529,    	0.654620236655,     	-0.062831853072,    	1.0,                	
307,   	0.694801340247,     	0.716455475412,     	-0.062790519529,    	0.800740825194,     	-0.062831853072,    	1.0,                	
308,   	0.583080344253,     	0.809984359604,     	-0.062790519529,    	0.946861413733,     	-0.062831853072,    	1.0,                	
309,   	0.458932003036,     	0.886249833425,     	-0.062790519529,    	1.092982002272,     	-0.062831853072,    	1.0,                	
310,   	0.325002322949,     	0.94362643071,      	-0.062790519529,    	1.239102590811,     	-0.062831853072,    	1.0,                	
311,   	0.184145782602,     	0.980891268901,     	-0.062790519529,    	1.38522317935,      	-0.062831853072,    	1.0,                	
312,   	0.039364494603,     	0.997250112671,     	-0.062790519529,    	1.531343767889,     	-0.062831853072,    	1.0,                	
313,   	-0.106255779256,    	0.992354301664,     	-0.062790519529,    	1.677464356428,     	-0.062831853072,    	1.0,                	
314,   	-0.249611395655,    	0.966308181594,     	-0.062790519529,    	1.823584944967,     	-0.062831853072,    	1.0,                	
315,   	-0.38764697852,     	0.91966688029,      	-0.062790519529,    	1.969705533507,     	-0.062831853072,    	1.0,                	
316,   	-0.51742053905,     	0.853424476112,     	-0.062790519529,    	2.115826122046,     	-0.062831853072,    	1.0,                	
317,   	-0.636166179111,    	0.768992810898,     	-0.062790519529,    	2.261946710585,     	-0.062831853072,    	1.0,                	
318,   	-0.741353041543,    	0.668171399008,     	-0.062790519529,    	2.408067299124,     	-0.062831853072,    	1.0,                	
319,   	-0.830739250996,    	0.553109073793,     	-0.062790519529,    	2.554187887663,     	-0.062831853072,    	1.0,                	
320,   	-0.902419695602,    	0.426258188951,     	-0.062790519529,    	2.700308476202,     	-0.062831853072,    	1.0,                	
321,   	-0.954866631132,    	0.29032235086,      	-0.062790519529,    	2.846429064741,     	-0.062831853072,    	1.0,                	
322,   	-0.986962242211,    	0.148198795903,     	-0.062790519529,    	2.99254965328,      	-0.062831853072,    	1.0,                	
323,   	-0.998022466612,    	0.002916640907,     	-0.062790519529,    	3.138670241819,     	-0.062831853072,    	1.0,                	
324,   	-0.987811574855,    	-0.142427677226,    	-0.062790519529,    	3.284790830358,     	-0.062831853072,    	1.0,                	
325,   	-0.956547194369,    	-0.284736396695,    	-0.062790519529,    	3.430911418897,     	-0.062831853072,    	1.0,                	
326,   	-0.904895671144,    	-0.420976454213,    	-0.062790519529,    	3.577032007436,     	-0.062831853072,    	1.0,                	
327,   	-0.833957867724,    	-0.548244129489,    	-0.062790519529,    	3.723152595975,     	-0.062831853072,    	1.0,                	
328,   	-0.745245700229,    	-0.663826932978,    	-0.062790519529,    	3.869273184514,     	-0.062831853072,    	1.0,                	
329,   	-0.640649914493,    	-0.765261417894,    	-0.062790519529,    	4.015393773053,     	-0.062831853072,    	1.0,                	
330,   	-0.522399788093,    	-0.850385684297,    	-0.062790519529,    	4.161514361592,     	-0.062831853072,    	1.0,                	
331,   	-0.393015617175,    	-0.917385456236,    	-0.062790519529,    	4.307634950131,     	-0.062831853072,    	1.0,                	
332,   	-0.255255000711,    	-0.964832749895,    	-0.062790519529,    	4.453755538671,     	-0.062831853072,    	1.0,                	
333,   	-0.112054067068,    	-0.991716308584,    	-0.062790519529,    	4.59987612721,      	-0.062831853072,    	1.0,                	
334,   	0.033535104472,     	-0.997463155924,    	-0.062790519529,    	4.745996715749,     	-0.062831853072,    	1.0,                	
335,   	0.178409533483,     	-0.981950807841,    	-0.062790519529,    	4.892117304288,     	-0.062831853072,    	1.0,                	
336,   	0.319481473032,     	-0.945509883103,    	-0.062790519529,    	5.038237892827,     	-0.062831853072,    	1.0,                	
337,   	0.453744219652,     	-0.888917056755,    	-0.062790519529,    	5.184358481366,     	-0.062831853072,    	1.0,                	
338,   	0.578336195998,     	-0.813378506635,    	-0.062790519529,    	5.330479069905,     	-0.062831853072,    	1.0,                	
339,   	0.690601940405,     	-0.720504205793,    	-0.062790519529,    	5.476599658444,     	-0.062831853072,    	1.0,                	
340,   	0.788148703441,     	-0.612273608709,    	-0.062790519529,    	5.622720246983,     	-0.062831853072,    	1.0,                	
341,   	0.868897445208,     	-0.490993462653,    	-0.062790519529,    	5.768840835522,     	-0.062831853072,    	1.0,                	
342,   	0.931127146466,     	-0.35924864338,     	-0.062790519529,    	5.914961424061,     	-0.062831853072,    	1.0,                	
343,   	0.973511489175,     	-0.219847062983,    	-0.062790519529,    	6.0610820126,       	-0.062831853072,    	1.0,                	
344,   	0.995147124653,     	-0.075759824126,    	-0.062790519529,    	6.207202601139,     	-0.062831853072,    	1.0,                	
345,   	0.995572926895,     	0.069942103853,     	0.062790519529,     	0.070137882499,     	0.062831853072,     	1.0,                	
346,   	0.974779820664,     	0.214153337317,     	0.062790519529,     	0.216258471038,     	0.062831853072,     	1.0,                	
347,   	0.933210974919,     	0.353800264199,     	0.062790519529,     	0.362379059577,     	0.062831853072,     	1.0,                	
348,   	0.871752357439,     	0.4859065527,       	0.062790519529,     	0.508499648116,     	0.062831853072,     	1.0,                	
349,   	0.791713851953,     	0.607656586637,     	0.062790519529,     	0.654620236655,     	0.062831853072,     	1.0,                	
350,   	0.694801340247,     	0.716455475412,     	0.062790519529,     	0.800740825194,     	0.062831853072,     	1.0,                	
351,   	0.583080344253,     	0.809984359604,     	0.062790519529,     	0.946861413733,     	0.062831853072,     	1.0,                	
352,   	0.458932003036,     	0.886249833425,     	0.062790519529,     	1.092982002272,     	0.062831853072,     	1.0,                	
353,   	0.325002322949,     	0.94362643071,      	0.062790519529,     	1.239102590811,     	0.062831853072,     	1.0,                	
354,   	0.184145782602,     	0.980891268901,     	0.062790519529,     	1.38522317935,      	0.062831853072,     	1.0,                	
355,   	0.039364494603,     	0.997250112671,     	0.062790519529,     	1.531343767889,     	0.062831853072,     	1.0,                	
356,   	-0.106255779256,    	0.992354301664,     	0.062790519529,     	1.677464356428,     	0.062831853072,     	1.0,                	
357,   	-0.249611395655,    	0.966308181594,     	0.062790519529,     	1.823584944967,     	0.062831853072,     	1.0,                	
358,   	-0.38764697852,     	0.91966688029,      	0.062790519529,     	1.969705533507,     	0.062831853072,     	1.0,                	
359,   	-0.51742053905,     	0.853424476112,     	0.062790519529,     	2.115826122046,     	0.062831853072,     	1.0,                	
360,   	-0.636166179111,    	0.768992810898,     	0.062790519529,     	2.261946710585,     	0.062831853072,     	1.0,                	
361,   	-0.741353041543,    	0.668171399008,     	0.062790519529,     	2.408067299124,     	0.062831853072,     	1.0,                	
362,   	-0.830739250996,    	0.553109073793,     	0.062790519529,     	2.554187887663,     	0.062831853072,     	1.0,                	
363,   	-0.902419695602,    	0.426258188951,     	0.062790519529,     	2.700308476202,     	0.062831853072,     	1.0,                	
364,   	-0.954866631132,    	0.29032235086,      	0.062790519529,     	2.846429064741,     	0.062831853072,     	1.0,                	
365,   	-0.986962242211,    	0.148198795903,     	0.062790519529,     	2.99254965328,      	0.062831853072,     	1.0,                	
366,   	-0.998022466612,    	0.002916640907,     	0.062790519529,     	3.138670241819,     	0.062831853072,     	1.0,                	
367,   	-0.987811574855,    	-0.142427677226,    	0.062790519529,     	3.284790830358,     	0.062831853072,     	1.0,                	
368,   	-0.956547194369,    	-0.284736396695,    	0.062790519529,     	3.430911418897,     	0.062831853072,     	1.0,                	
369,   	-0.904895671144,    	-0.420976454213,    	0.062790519529,     	3.577032007436,     	0.062831853072,     	1.0,                	
370,   	-0.833957867724,    	-0.548244129489,    	0.062790519529,     	3.723152595975,     	0.062831853072,     	1.0,                	
371,   	-0.745245700229,    	-0.663826932978,    	0.062790519529,     	3.869273184514,     	0.062831853072,     	1.0,                	
372,   	-0.640649914493,    	-0.765261417894,    	0.062790519529,     	4.015393773053,     	0.062831853072,     	1.0,                	
373,   	-0.522399788093,    	-0.850385684297,    	0.062790519529,     	4.161514361592,     	0.062831853072,     	1.0,                	
374,   	-0.393015617175,    	-0.917385456236,    	0.062790519529,     	4.307634950131,     	0.062831853072,     	1.0,                	
375,   	-0.255255000711,    	-0.964832749895,    	0.062790519529,     	4.453755538671,     	0.062831853072,     	1.0,                	
376,   	-0.112054067068,    	-0.991716308584,    	0.062790519529,     	4.59987612721,      	0.062831853072,     	1.0,                	
377,   	0.033535104472,     	-0.997463155924,    	0.062790519529,     	4.745996715749,     	0.062831853072,     	1.0,                	
378,   	0.178409533483,     	-0.981950807841,    	0.062790519529,     	4.892117304288,     	0.062831853072,     	1.0,                	
379,   	0.319481473032,     	-0.945509883103,    	0.062790519529,     	5.038237892827,     	0.062831853072,     	1.0,                	
380,   	0.453744219652,     	-0.888917056755,    	0.062790519529,     	5.184358481366,     	0.062831853072,     	1.0,                	
381,   	0.578336195998,     	-0.813378506635,    	0.062790519529,     	5.330479069905,     	0.062831853072,     	1.0,                	
382,   	0.690601940405,     	-0.720504205793,    	0.062790519529,     	5.476599658444,     	0.062831853072,     	1.0,                	
383,   	0.788148703441,     	-0.612273608709,    	0.062790519529,     	5.622720246983,     	0.062831853072,     	1.0,                	
384,   	0.868897445208,     	-0.490993462653,    	0.062790519529,     	5.768840835522,     	0.062831853072,     	1.0,                	
385,   	0.931127146466,     	-0.35924864338,     	0.062790519529,     	5.914961424061,     	0.062831853072,     	1.0,                	
386,   	0.973511489175,     	-0.219847062983,    	0.062790519529,     	6.0610820126,       	0.062831853072,     	1.0,                	
387,   	0.995147124653,     	-0.075759824126,    	0.062790519529,     	6.207202601139,     	0.062831853072,     	1.0,                	
388,   	0.980257759937,     	0.063110752073,     	0.187381314586,     	0.064293058957,     	0.188495559215,     	1.0,                	
389,   	0.960622514599,     	0.205164878546,     	0.187381314586,     	0.210413647496,     	0.188495559215,     	1.0,                	
390,   	0.920513268148,     	0.34284627183,      	0.187381314586,     	0.356534236035,     	0.188495559215,     	1.0,                	
391,   	0.860784879535,     	0.473220492062,     	0.187381314586,     	0.502654824574,     	0.188495559215,     	1.0,                	
392,   	0.782710355667,     	0.593508839088,     	0.187381314586,     	0.648775413113,     	0.188495559215,     	1.0,                	
393,   	0.687953719471,     	0.701147575629,     	0.187381314586,     	0.794896001652,     	0.188495559215,     	1.0,                	
394,   	0.578534544135,     	0.793842568893,     	0.187381314586,     	0.941016590192,     	0.188495559215,     	1.0,                	
395,   	0.456784909414,     	0.869618186031,     	0.187381314586,     	1.087137178731,     	0.188495559215,     	1.0,                	
396,   	0.325299697396,     	0.926859401322,     	0.187381314586,     	1.23325776727,      	0.188495559215,     	1.0,                	
397,   	0.186881287097,     	0.96434621764,      	0.187381314586,     	1.379378355809,     	0.188495559215,     	1.0,                	
398,   	0.044479826617,     	0.98127966858,      	0.187381314586,     	1.525498944348,     	0.188495559215,     	1.0,                	
399,   	-0.098869644143,    	0.977298847033,     	0.187381314586,     	1.671619532887,     	0.188495559215,     	1.0,                	
400,   	-0.240111880091,    	0.952488597298,     	0.187381314586,     	1.817740121426,     	0.188495559215,     	1.0,                	
401,   	-0.376236548185,    	0.907377706776,     	0.187381314586,     	1.963860709965,     	0.188495559215,     	1.0,                	
402,   	-0.504342387457,    	0.842927635778,     	0.187381314586,     	2.109981298504,     	0.188495559215,     	1.0,                	
403,   	-0.621699044355,    	0.760512025672,     	0.187381314586,     	2.256101887043,     	0.188495559215,     	1.0,                	
404,   	-0.725805265486,    	0.661887422102,     	0.187381314586,     	2.402222475582,     	0.188495559215,     	1.0,                	
405,   	-0.81444220749,     	0.549155837266,     	0.187381314586,     	2.548343064121,     	0.188495559215,     	1.0,                	
406,   	-0.885720727835,    	0.424719949176,     	0.187381314586,     	2.69446365266,      	0.188495559215,     	1.0,                	
407,   	-0.93812164861,     	0.291231892746,     	0.187381314586,     	2.840584241199,     	0.188495559215,     	1.0,                	
408,   	-0.970528135166,    	0.151536734145,     	0.187381314586,     	2.986704829738,     	0.188495559215,     	1.0,                	
409,   	-0.982249499503,    	0.008611833147,     	0.187381314586,     	3.132825418277,     	0.188495559215,     	1.0,                	
410,   	-0.973035921091,    	-0.134496614124,    	0.187381314586,     	3.278946006817,     	0.188495559215,     	1.0,                	
411,   	-0.943083771357,    	-0.274738499571,    	0.187381314586,     	3.425066595356,     	0.188495559215,     	1.0,                	
412,   	-0.893031428372,    	-0.409124810887,    	0.187381314586,     	3.571187183895,     	0.188495559215,     	1.0,                	
413,   	-0.823945670928,    	-0.534791337161,    	0.187381314586,     	3.717307772434,     	0.188495559215,     	1.0,                	
414,   	-0.737298942002,    	-0.649059714562,    	0.187381314586,     	3.863428360973,     	0.188495559215,     	1.0,                	
415,   	-0.634937966188,    	-0.749494511012,    	0.187381314586,     	4.009548949512,     	0.188495559215,     	1.0,                	
416,   	-0.519044389973,    	-0.833955133195,    	0.187381314586,     	4.155669538051,     	0.188495559215,     	1.0,                	
417,   	-0.392088283725,    	-0.900641449585,    	0.187381314586,     	4.30179012659,      	0.188495559215,     	1.0,                	
418,   	-0.256775496433,    	-0.948132157126,    	0.187381314586,     	4.447910715129,     	0.188495559215,     	1.0,                	
419,   	-0.115989985235,    	-0.975415073837,    	0.187381314586,     	4.594031303668,     	0.188495559215,     	1.0,                	
420,   	0.027267651121,     	-0.981908711717,    	0.187381314586,     	4.740151892207,     	0.188495559215,     	1.0,                	
421,   	0.169944124835,     	-0.967474670148,    	0.187381314586,     	4.886272480746,     	0.188495559215,     	1.0,                	
422,   	0.308998534576,     	-0.932420585666,    	0.187381314586,     	5.032393069285,     	0.188495559215,     	1.0,                	
423,   	0.441467177021,     	-0.877493575223,    	0.187381314586,     	5.178513657824,     	0.188495559215,     	1.0,                	
424,   	0.564526713041,     	-0.803864312684,    	0.187381314586,     	5.324634246363,     	0.188495559215,     	1.0,                	
425,   	0.675554342276,     	-0.71310207795,     	0.187381314586,     	5.470754834902,     	0.188495559215,     	1.0,                	
426,   	0.772183703569,     	-0.607141310476,    	0.187381314586,     	5.616875423441,     	0.188495559215,     	1.0,                	
427,   	0.852355309847,     	-0.488240380059,    	0.187381314586,     	5.762996011981,     	0.188495559215,     	1.0,                	
428,   	0.914360442513,     	-0.358933453599,    	0.187381314586,     	5.90911660052,      	0.188495559215,     	1.0,                	
429,   	0.956877569813,     	-0.221976483738,    	0.187381314586,     	6.055237189059,     	0.188495559215,     	1.0,                	
430,   	0.979000512996,     	-0.08028847051,     	0.187381314586,     	6.201357777598,     	0.188495559215,     	1.0,                	
431,   	0.949270224765,     	0.058262660103,     	0.309016994375,     	0.061299368851,     	0.314159265359,     	1.0,                	
432,   	0.929251426651,     	0.202485266758,     	0.309016994375,     	0.214547790977,     	0.314159265359,     	1.0,                	
433,   	0.887451762694,     	0.341961790379,     	0.309016994375,     	0.367796213103,     	0.314159265359,     	1.0,                	
434,   	0.824850981588,     	0.473423019466,     	0.309016994375,     	0.52104463523,      	0.314159265359,     	1.0,                	
435,   	0.742916392585,     	0.593787614232,     	0.309016994375,     	0.674293057356,     	0.314159265359,     	1.0,                	
436,   	0.643568473007,     	0.700234330591,     	0.309016994375,     	0.827541479482,     	0.314159265359,     	1.0,                	
437,   	0.529135853885,     	0.790268147733,     	0.309016994375,     	0.980789901609,     	0.314159265359,     	1.0,                	
438,   	0.402300738822,     	0.861778749292,     	0.309016994375,     	1.134038323735,     	0.314159265359,     	1.0,                	
439,   	0.266036035416,     	0.913089987377,     	0.309016994375,     	1.287286745861,     	0.314159265359,     	1.0,                	
440,   	0.123535672821,     	0.942999170057,     	0.309016994375,     	1.440535167988,     	0.314159265359,     	1.0,                	
441,   	-0.02186026124,     	0.95080525144,      	0.309016994375,     	1.593783590114,     	0.314159265359,     	1.0,                	
442,   	-0.166743809306,    	0.936325263595,     	0.309016994375,     	1.74703201224,      	0.314159265359,     	1.0,                	
443,   	-0.307719023808,    	0.899898605163,     	0.309016994375,     	1.900280434367,     	0.314159265359,     	1.0,                	
444,   	-0.441481565202,    	0.842379086145,     	0.309016994375,     	2.053528856493,     	0.314159265359,     	1.0,                	
445,   	-0.56489615289,     	0.765114915315,     	0.309016994375,     	2.206777278619,     	0.314159265359,     	1.0,                	
446,   	-0.675070053538,    	0.669917099352,     	0.309016994375,     	2.360025700746,     	0.314159265359,     	1.0,                	
447,   	-0.769420884294,    	0.559016994375,     	0.309016994375,     	2.513274122872,     	0.314159265359,     	1.0,                	
448,   	-0.845737141653,    	0.435014004851,     	0.309016994375,     	2.666522544998,     	0.314159265359,     	1.0,                	
449,   	-0.902230037225,    	0.300814655754,     	0.309016994375,     	2.819770967124,     	0.314159265359,     	1.0,                	
450,   	-0.93757542542,     	0.159564466084,     	0.309016994375,     	2.973019389251,     	0.314159265359,     	1.0,                	
451,   	-0.950944840294,    	0.014574220571,     	0.309016994375,     	3.126267811377,     	0.314159265359,     	1.0,                	
452,   	-0.942024914096,    	-0.130757632321,    	0.309016994375,     	3.279516233503,     	0.314159265359,     	1.0,                	
453,   	-0.911024722334,    	-0.273024637135,    	0.309016994375,     	3.43276465563,      	0.314159265359,     	1.0,                	
454,   	-0.85867088323,     	-0.408892175861,    	0.309016994375,     	3.586013077756,     	0.314159265359,     	1.0,                	
455,   	-0.786190526399,    	-0.535175628545,    	0.309016994375,     	3.739261499882,     	0.314159265359,     	1.0,                	
456,   	-0.695282529973,    	-0.64891501809,     	0.309016994375,     	3.892509922009,     	0.314159265359,     	1.0,                	
457,   	-0.588077700338,    	-0.747444389605,    	0.309016994375,     	4.045758344135,     	0.314159265359,     	1.0,                	
458,   	-0.467088827839,    	-0.828454298133,    	0.309016994375,     	4.199006766261,     	0.314159265359,     	1.0,                	
459,   	-0.335151789102,    	-0.890045940078,    	0.309016994375,     	4.352255188388,     	0.314159265359,     	1.0,                	
460,   	-0.19535907649,     	-0.930775659555,    	0.309016994375,     	4.505503610514,     	0.314159265359,     	1.0,                	
461,   	-0.050987312703,    	-0.949688786462,    	0.309016994375,     	4.65875203264,      	0.314159265359,     	1.0,                	
462,   	0.094579550478,     	-0.946342013132,    	0.309016994375,     	4.812000454767,     	0.314159265359,     	1.0,                	
463,   	0.237929549159,     	-0.920813785097,    	0.309016994375,     	4.965248876893,     	0.314159265359,     	1.0,                	
464,   	0.375702680866,     	-0.873702462385,    	0.309016994375,     	5.118497299019,     	0.314159265359,     	1.0,                	
465,   	0.504669660165,     	-0.80611229447,     	0.309016994375,     	5.271745721146,     	0.314159265359,     	1.0,                	
466,   	0.621807610368,     	-0.719627537602,    	0.309016994375,     	5.424994143272,     	0.314159265359,     	1.0,                	
467,   	0.724370917204,     	-0.616275321181,    	0.309016994375,     	5.578242565398,     	0.314159265359,     	1.0,                	
468,   	0.809955583688,     	-0.498478133562,    	0.309016994375,     	5.731490987525,     	0.314159265359,     	1.0,                	
469,   	0.876555577778,     	-0.368997040983,    	0.309016994375,     	5.884739409651,     	0.314159265359,     	1.0,                	
470,   	0.922609852058,     	-0.230866970511,    	0.309016994375,     	6.037987831777,     	0.314159265359,     	1.0,                	
471,   	0.947038933374,     	-0.087325573923,    	0.309016994375,     	6.191236253904,     	0.314159265359,     	1.0,                	
472,   	0.903305631628,     	0.05244931595,      	0.425779291565,     	0.057998633605,     	0.439822971503,     	1.0,                	
473,   	0.883194598989,     	0.196670524459,     	0.425779291565,     	0.219105949173,     	0.439822971503,     	1.0,                	
474,   	0.840209290157,     	0.335798069691,     	0.425779291565,     	0.380213264742,     	0.439822971503,     	1.0,                	
475,   	0.775463002052,     	0.466228621304,     	0.425779291565,     	0.541320580311,     	0.439822971503,     	1.0,                	
476,   	0.690632629525,     	0.584584096525,     	0.425779291565,     	0.70242789588,      	0.439822971503,     	1.0,                	
477,   	0.587915234666,     	0.687799150713,     	0.425779291565,     	0.863535211448,     	0.439822971503,     	1.0,                	
478,   	0.469971144048,     	0.773200568182,     	0.425779291565,     	1.024642527017,     	0.439822971503,     	1.0,                	
479,   	0.339855047662,     	0.838576497079,     	0.425779291565,     	1.185749842586,     	0.439822971503,     	1.0,                	
480,   	0.20093688406,      	0.882233735185,     	0.425779291565,     	1.346857158154,     	0.439822971503,     	1.0,                	
481,   	0.056814560709,     	0.903041582966,     	0.425779291565,     	1.507964473723,     	0.439822971503,     	1.0,                	
482,   	-0.088779229922,    	0.900461128094,     	0.425779291565,     	1.669071789292,     	0.439822971503,     	1.0,                	
483,   	-0.232073685132,    	0.874559202995,     	0.425779291565,     	1.830179104861,     	0.439822971503,     	1.0,                	
484,   	-0.369357553799,    	0.826006653923,     	0.425779291565,     	1.991286420429,     	0.439822971503,     	1.0,                	
485,   	-0.497075255838,    	0.756060966396,     	0.425779291565,     	2.152393735998,     	0.439822971503,     	1.0,                	
486,   	-0.611918969852,    	0.66653369698,      	0.425779291565,     	2.313501051567,     	0.439822971503,     	1.0,                	
487,   	-0.710914303973,    	0.559743554926,     	0.425779291565,     	2.474608367135,     	0.439822971503,     	1.0,                	
488,   	-0.791497331047,    	0.438456348819,     	0.425779291565,     	2.635715682704,     	0.439822971503,     	1.0,                	
489,   	-0.851580993001,    	0.305813353589,     	0.425779291565,     	2.796822998273,     	0.439822971503,     	1.0,                	
490,   	-0.889609154552,    	0.165249953137,     	0.425779291565,     	2.957930313841,     	0.439822971503,     	1.0,                	
491,   	-0.90459690629,     	0.0204066657,       	0.425779291565,     	3.11903762941,      	0.439822971503,     	1.0,                	
492,   	-0.896156073318,    	-0.124965143659,    	0.425779291565,     	3.280144944979,     	0.439822971503,     	1.0,                	
493,   	-0.864505268776,    	-0.267100421439,    	0.425779291565,     	3.441252260548,     	0.439822971503,     	1.0,                	
494,   	-0.810464231877,    	-0.402317938605,    	0.425779291565,     	3.602359576116,     	0.439822971503,     	1.0,                	
495,   	-0.735432597089,    	-0.527115632488,    	0.425779291565,     	3.763466891685,     	0.439822971503,     	1.0,                	
496,   	-0.641353644341,    	-0.638261308372,    	0.425779291565,     	3.924574207254,     	0.439822971503,     	1.0,                	
497,   	-0.530663969093,    	-0.732876351632,    	0.425779291565,     	4.085681522822,     	0.439822971503,     	1.0,                	
498,   	-0.40623037579,     	-0.808510282346,    	0.425779291565,     	4.246788838391,     	0.439822971503,     	1.0,                	
499,   	-0.271275629137,    	-0.863204221439,    	0.425779291565,     	4.40789615396,      	0.439822971503,     	1.0,                	
500,   	-0.129294986184,    	-0.895541624617,    	0.425779291565,     	4.569003469529,     	0.439822971503,     	1.0,                	
501,   	0.016034328995,     	-0.904684970124,    	0.425779291565,     	4.730110785097,     	0.439822971503,     	1.0,                	
502,   	0.160948363476,     	-0.890397450114,    	0.425779291565,     	4.891218100666,     	0.439822971503,     	1.0,                	
503,   	0.301693919886,     	-0.85304910385,     	0.425779291565,     	5.052325416235,     	0.439822971503,     	1.0,                	
504,   	0.434625762242,     	-0.793607233882,    	0.425779291565,     	5.213432731803,     	0.439822971503,     	1.0,                	
505,   	0.556301025655,     	-0.713611353419,    	0.425779291565,     	5.374540047372,     	0.439822971503,     	1.0,                	
506,   	0.663568384716,     	-0.615133313746,    	0.425779291565,     	5.535647362941,     	0.439822971503,     	1.0,                	
507,   	0.753649671168,     	-0.500723644361,    	0.425779291565,     	5.696754678509,     	0.439822971503,     	1.0,                	
508,   	0.824211827011,     	-0.373345495606,    	0.425779291565,     	5.857861994078,     	0.439822971503,     	1.0,                	
509,   	0.873427329473,     	-0.236297894623,    	0.425779291565,     	6.018969309647,     	0.439822971503,     	1.0,                	
510,   	0.900021522892,     	-0.093130302292,    	0.425779291565,     	6.180076625216,     	0.439822971503,     	1.0,                	
511,   	0.843081602732,     	0.045859098523,     	0.535826794979,     	0.054341062116,     	0.565486677646,     	1.0,                	
512,   	0.823204416105,     	0.187680939598,     	0.535826794979,     	0.224156881229,     	0.565486677646,     	1.0,                	
513,   	0.77964513723,      	0.324103541751,     	0.535826794979,     	0.393972700342,     	0.565486677646,     	1.0,                	
514,   	0.713656887254,     	0.451202275102,     	0.535826794979,     	0.563788519455,     	0.565486677646,     	1.0,                	
515,   	0.627138027984,     	0.5653207405,       	0.535826794979,     	0.733604338568,     	0.565486677646,     	1.0,                	
516,   	0.522577549475,     	0.66317595747,      	0.535826794979,     	0.903420157681,     	0.565486677646,     	1.0,                	
517,   	0.402983466323,     	0.741952809586,     	0.535826794979,     	1.073235976794,     	0.565486677646,     	1.0,                	
518,   	0.271796282555,     	0.79938503024,      	0.535826794979,     	1.243051795907,     	0.565486677646,     	1.0,                	
519,   	0.132790014596,     	0.833820399011,     	0.535826794979,     	1.41286761502,      	0.565486677646,     	1.0,                	
520,   	-0.010036380313,    	0.844268273035,     	0.535826794979,     	1.582683434133,     	0.565486677646,     	1.0,                	
521,   	-0.152574046833,    	0.830428085999,     	0.535826794979,     	1.752499253246,     	0.565486677646,     	1.0,                	
522,   	-0.290722435817,    	0.792697994885,     	0.535826794979,     	1.922315072359,     	0.565486677646,     	1.0,                	
523,   	-0.420507269639,    	0.732163425721,     	0.535826794979,     	2.092130891472,     	0.565486677646,     	1.0,                	
524,   	-0.53819487493,     	0.650565847845,     	0.535826794979,     	2.261946710585,     	0.565486677646,     	1.0,                	
525,   	-0.640399593557,    	0.550252675008,     	0.535826794979,     	2.431762529698,     	0.565486677646,     	1.0,                	
526,   	-0.724181181851,    	0.434109734555,     	0.535826794979,     	2.601578348811,     	0.565486677646,     	1.0,                	
527,   	-0.787129396056,    	0.305478247419,     	0.535826794979,     	2.771394167924,     	0.565486677646,     	1.0,                	
528,   	-0.82743333066,     	0.168058707289,     	0.535826794979,     	2.941209987036,     	0.565486677646,     	1.0,                	
529,   	-0.843933514844,    	0.025804424133,     	0.535826794979,     	3.111025806149,     	0.565486677646,     	1.0,                	
530,   	-0.836155268353,    	-0.117192205323,    	0.535826794979,     	3.280841625262,     	0.565486677646,     	1.0,                	
531,   	-0.804322357175,    	-0.256817428403,    	0.535826794979,     	3.450657444375,     	0.565486677646,     	1.0,                	
532,   	-0.749350556207,    	-0.389054481654,    	0.535826794979,     	3.620473263488,     	0.565486677646,     	1.0,                	
533,   	-0.672821304076,    	-0.510099145818,    	0.535826794979,     	3.790289082601,     	0.565486677646,     	1.0,                	
534,   	-0.576936208029,    	-0.616469186292,    	0.535826794979,     	3.960104901714,     	0.565486677646,     	1.0,                	
535,   	-0.464453707703,    	-0.705104530679,    	0.535826794979,     	4.129920720827,     	0.565486677646,     	1.0,                	
536,   	-0.338609719834,    	-0.773455301499,    	0.535826794979,     	4.29973653994,      	0.565486677646,     	1.0,                	
537,   	-0.203024546832,    	-0.819555171521,    	0.535826794979,     	4.469552359053,     	0.565486677646,     	1.0,                	
538,   	-0.061598727262,    	-0.842077931419,    	0.535826794979,     	4.639368178166,     	0.565486677646,     	1.0,                	
539,   	0.081599175538,     	-0.840375642397,    	0.535826794979,     	4.809183997279,     	0.565486677646,     	1.0,                	
540,   	0.222449618625,     	-0.814497276212,    	0.535826794979,     	4.978999816392,     	0.565486677646,     	1.0,                	
541,   	0.356900591197,     	-0.765187306341,    	0.535826794979,     	5.148815635505,     	0.565486677646,     	1.0,                	
542,   	0.481084183568,     	-0.69386429084,     	0.535826794979,     	5.318631454618,     	0.565486677646,     	1.0,                	
543,   	0.591427859885,     	-0.602580063008,    	0.535826794979,     	5.488447273731,     	0.565486677646,     	1.0,                	
544,   	0.684757233484,     	-0.493960703877,    	0.535826794979,     	5.658263092844,     	0.565486677646,     	1.0,                	
545,   	0.758387388209,     	-0.371130994648,    	0.535826794979,     	5.828078911957,     	0.565486677646,     	1.0,                	
546,   	0.810200118568,     	-0.237624522419,    	0.535826794979,     	5.99789473107,      	0.565486677646,     	1.0,                	
547,   	0.838704866644,     	-0.097282025322,    	0.535826794979,     	6.167710550183,     	0.565486677646,     	1.0,                	
548,   	0.76941854265,      	0.041058050593,     	0.637423989749,     	0.053311875334,     	0.69115038379,      	1.0,                	
549,   	0.747743860069,     	0.185929494762,     	0.637423989749,     	0.243711430097,     	0.69115038379,      	1.0,                	
550,   	0.699043766157,     	0.324080962555,     	0.637423989749,     	0.43411098486,      	0.69115038379,      	1.0,                	
551,   	0.625078409195,     	0.450519299977,     	0.637423989749,     	0.624510539623,     	0.69115038379,      	1.0,                	
552,   	0.528521089899,     	0.560674696081,     	0.637423989749,     	0.814910094386,     	0.69115038379,      	1.0,                	
553,   	0.412861641365,     	0.650565847845,     	0.637423989749,     	1.005309649149,     	0.69115038379,      	1.0,                	
554,   	0.282280297413,     	0.716943854835,     	0.637423989749,     	1.195709203912,     	0.69115038379,      	1.0,                	
555,   	0.141496608037,     	0.757409642932,     	0.637423989749,     	1.386108758675,     	0.69115038379,      	1.0,                	
556,   	-0.004401137418,    	0.770500673123,     	0.637423989749,     	1.576508313438,     	0.69115038379,      	1.0,                	
557,   	-0.150139814301,    	0.755743801466,     	0.637423989749,     	1.766907868201,     	0.69115038379,      	1.0,                	
558,   	-0.290452047109,    	0.713672379754,     	0.637423989749,     	1.957307422964,     	0.69115038379,      	1.0,                	
559,   	-0.420266586169,    	0.645806978782,     	0.637423989749,     	2.147706977727,     	0.69115038379,      	1.0,                	
560,   	-0.534891595811,    	0.554600430963,     	0.637423989749,     	2.33810653249,      	0.69115038379,      	1.0,                	
561,   	-0.630184229534,    	0.443349178571,     	0.637423989749,     	2.528506087253,     	0.69115038379,      	1.0,                	
562,   	-0.702700363272,    	0.316074131732,     	0.637423989749,     	2.718905642016,     	0.69115038379,      	1.0,                	
563,   	-0.749819075014,    	0.177375342248,     	0.637423989749,     	2.909305196779,     	0.69115038379,      	1.0,                	
564,   	-0.769837371751,    	0.032265745748,     	0.637423989749,     	3.099704751542,     	0.69115038379,      	1.0,                	
565,   	-0.76203174008,     	-0.11401001887,     	0.637423989749,     	3.290104306305,     	0.69115038379,      	1.0,                	
566,   	-0.726684295869,    	-0.256165164356,    	0.637423989749,     	3.480503861068,     	0.69115038379,      	1.0,                	
567,   	-0.665072587848,    	-0.389061833371,    	0.637423989749,     	3.670903415831,     	0.69115038379,      	1.0,                	
568,   	-0.579423423672,    	-0.507896794037,    	0.637423989749,     	3.861302970594,     	0.69115038379,      	1.0,                	
569,   	-0.472832387292,    	-0.608375041254,    	0.637423989749,     	4.051702525357,     	0.69115038379,      	1.0,                	
570,   	-0.349151956482,    	-0.686865029375,    	0.637423989749,     	4.24210208012,      	0.69115038379,      	1.0,                	
571,   	-0.212852264258,    	-0.740529925724,    	0.637423989749,     	4.432501634883,     	0.69115038379,      	1.0,                	
572,   	-0.068859536623,    	-0.767430141126,    	0.637423989749,     	4.622901189646,     	0.69115038379,      	1.0,                	
573,   	0.077621954078,     	-0.766593431708,    	0.637423989749,     	4.813300744409,     	0.69115038379,      	1.0,                	
574,   	0.221297985116,     	-0.738050038328,    	0.637423989749,     	5.003700299172,     	0.69115038379,      	1.0,                	
575,   	0.356975730385,     	-0.682831593593,    	0.637423989749,     	5.194099853935,     	0.69115038379,      	1.0,                	
576,   	0.479751442668,     	-0.602933835965,    	0.637423989749,     	5.384499408698,     	0.69115038379,      	1.0,                	
577,   	0.585187687832,     	-0.501244478576,    	0.637423989749,     	5.574898963461,     	0.69115038379,      	1.0,                	
578,   	0.669473725266,     	-0.381438839751,    	0.637423989749,     	5.765298518224,     	0.69115038379,      	1.0,                	
579,   	0.729563237973,     	-0.247847007429,    	0.637423989749,     	5.955698072987,     	0.69115038379,      	1.0,                	
580,   	0.7632844344,       	-0.1052973385,      	0.637423989749,     	6.14609762775,      	0.69115038379,      	1.0,                	
581,   	0.683682493229,     	0.034394602599,     	0.728968627421,     	0.050265482457,     	0.816814089933,     	1.0,                	
582,   	0.661591350434,     	0.17578858116,      	0.728968627421,     	0.259704992697,     	0.816814089933,     	1.0,                	
583,   	0.610585490958,     	0.309499755198,     	0.728968627421,     	0.469144502936,     	0.816814089933,     	1.0,                	
584,   	0.532894115612,     	0.429684304788,     	0.728968627421,     	0.678584013175,     	0.816814089933,     	1.0,                	
585,   	0.431912710305,     	0.531089588405,     	0.728968627421,     	0.888023523415,     	0.816814089933,     	1.0,                	
586,   	0.31205464701,      	0.609283708558,     	0.728968627421,     	1.097463033654,     	0.816814089933,     	1.0,                	
587,   	0.178558298237,     	0.66084920698,      	0.728968627421,     	1.306902543893,     	0.816814089933,     	1.0,                	
588,   	0.037258095013,     	0.68353242395,      	0.728968627421,     	1.516342054133,     	0.816814089933,     	1.0,                	
589,   	-0.105670465748,    	0.676341994041,     	0.728968627421,     	1.725781564372,     	0.816814089933,     	1.0,                	
590,   	-0.243980720092,    	0.639592173544,     	0.728968627421,     	1.935221074611,     	0.816814089933,     	1.0,                	
591,   	-0.371627846218,    	0.574889105959,     	0.728968627421,     	2.144660584851,     	0.816814089933,     	1.0,                	
592,   	-0.483033052197,    	0.48506062582,      	0.728968627421,     	2.35410009509,      	0.816814089933,     	1.0,                	
593,   	-0.573327395945,    	0.374032668753,     	0.728968627421,     	2.563539605329,     	0.816814089933,     	1.0,                	
594,   	-0.63856458136,     	0.246657689253,     	0.728968627421,     	2.772979115569,     	0.816814089933,     	1.0,                	
595,   	-0.675893430397,    	0.108502585139,     	0.728968627421,     	2.982418625808,     	0.816814089933,     	1.0,                	
596,   	-0.683682493229,    	-0.034394602599,    	0.728968627421,     	3.191858136047,     	0.816814089933,     	1.0,                	
597,   	-0.661591350434,    	-0.17578858116,     	0.728968627421,     	3.401297646287,     	0.816814089933,     	1.0,                	
598,   	-0.610585490958,    	-0.309499755198,    	0.728968627421,     	3.610737156526,     	0.816814089933,     	1.0,                	
599,   	-0.532894115612,    	-0.429684304788,    	0.728968627421,     	3.820176666765,     	0.816814089933,     	1.0,                	
600,   	-0.431912710305,    	-0.531089588405,    	0.728968627421,     	4.029616177005,     	0.816814089933,     	1.0,                	
601,   	-0.31205464701,     	-0.609283708558,    	0.728968627421,     	4.239055687244,     	0.816814089933,     	1.0,                	
602,   	-0.178558298237,    	-0.66084920698,     	0.728968627421,     	4.448495197483,     	0.816814089933,     	1.0,                	
603,   	-0.037258095013,    	-0.68353242395,     	0.728968627421,     	4.657934707722,     	0.816814089933,     	1.0,                	
604,   	0.105670465748,     	-0.676341994041,    	0.728968627421,     	4.867374217962,     	0.816814089933,     	1.0,                	
605,   	0.243980720092,     	-0.639592173544,    	0.728968627421,     	5.076813728201,     	0.816814089933,     	1.0,                	
606,   	0.371627846218,     	-0.574889105959,    	0.728968627421,     	5.28625323844,      	0.816814089933,     	1.0,                	
607,   	0.483033052197,     	-0.48506062582,     	0.728968627421,     	5.49569274868,      	0.816814089933,     	1.0,                	
608,   	0.573327395945,     	-0.374032668753,    	0.728968627421,     	5.705132258919,     	0.816814089933,     	1.0,                	
609,   	0.63856458136,      	-0.246657689253,    	0.728968627421,     	5.914571769158,     	0.816814089933,     	1.0,                	
610,   	0.675893430397,     	-0.108502585139,    	0.728968627421,     	6.124011279398,     	0.816814089933,     	1.0,                	
611,   	0.587042854012,     	0.029532869238,     	0.809016994375,     	0.050265482457,     	0.942477796077,     	1.0,                	
612,   	0.561255297339,     	0.174596660969,     	0.809016994375,     	0.301592894745,     	0.942477796077,     	1.0,                	
613,   	0.500202006181,     	0.308689902369,     	0.809016994375,     	0.552920307032,     	0.942477796077,     	1.0,                	
614,   	0.407719183361,     	0.423387021922,     	0.809016994375,     	0.804247719319,     	0.942477796077,     	1.0,                	
615,   	0.289617864763,     	0.511481177779,     	0.809016994375,     	1.055575131606,     	0.942477796077,     	1.0,                	
616,   	0.153318790583,     	0.56743709014,      	0.809016994375,     	1.306902543893,     	0.942477796077,     	1.0,                	
617,   	0.007386132923,     	0.58773884324,      	0.809016994375,     	1.558229956181,     	0.942477796077,     	1.0,                	
618,   	-0.139010622633,    	0.571110803267,     	0.809016994375,     	1.809557368468,     	0.942477796077,     	1.0,                	
619,   	-0.276672829523,    	0.518597771126,     	0.809016994375,     	2.060884780755,     	0.942477796077,     	1.0,                	
620,   	-0.396950665003,    	0.433499333755,     	0.809016994375,     	2.312212193042,     	0.942477796077,     	1.0,                	
621,   	-0.492286630318,    	0.321162538946,     	0.809016994375,     	2.563539605329,     	0.942477796077,     	1.0,                	
622,   	-0.556690416147,    	0.188645920662,     	0.809016994375,     	2.814867017616,     	0.942477796077,     	1.0,                	
623,   	-0.586115295765,    	0.044275985392,     	0.809016994375,     	3.066194429904,     	0.942477796077,     	1.0,                	
624,   	-0.578712395769,    	-0.102875972877,    	0.809016994375,     	3.317521842191,     	0.942477796077,     	1.0,                	
625,   	-0.534946867592,    	-0.243563855418,    	0.809016994375,     	3.568849254478,     	0.942477796077,     	1.0,                	
626,   	-0.457568660327,    	-0.368947725158,    	0.809016994375,     	3.820176666765,     	0.942477796077,     	1.0,                	
627,   	-0.351439731313,    	-0.471149252432,    	0.809016994375,     	4.071504079052,     	0.942477796077,     	1.0,                	
628,   	-0.223228551477,    	-0.543746739409,    	0.809016994375,     	4.32283149134,      	0.942477796077,     	1.0,                	
629,   	-0.080991100774,    	-0.582178618989,    	0.809016994375,     	4.574158903627,     	0.942477796077,     	1.0,                	
630,   	0.066335318656,     	-0.584030074835,    	0.809016994375,     	4.825486315914,     	0.942477796077,     	1.0,                	
631,   	0.20949364605,      	-0.549184773166,    	0.809016994375,     	5.076813728201,     	0.942477796077,     	1.0,                	
632,   	0.339488717198,     	-0.479832172439,    	0.809016994375,     	5.328141140488,     	0.942477796077,     	1.0,                	
633,   	0.448152463693,     	-0.380329951618,    	0.809016994375,     	5.579468552775,     	0.942477796077,     	1.0,                	
634,   	0.528657142705,     	-0.256930201182,    	0.809016994375,     	5.830795965063,     	0.942477796077,     	1.0,                	
635,   	0.575944349176,     	-0.117386581282,    	0.809016994375,     	6.08212337735,      	0.942477796077,     	1.0,                	
636,   	0.481201757814,     	0.023053650192,     	0.876306680044,     	0.047871888055,     	1.068141502221,     	1.0,                	
637,   	0.45302813118,      	0.163866149249,     	0.876306680044,     	0.347071188397,     	1.068141502221,     	1.0,                	
638,   	0.38460096701,      	0.29011842183,      	0.876306680044,     	0.646270488738,     	1.068141502221,     	1.0,                	
639,   	0.282000319128,     	0.390592399468,     	0.876306680044,     	0.94546978908,      	1.068141502221,     	1.0,                	
640,   	0.154342705352,     	0.456360528327,     	0.876306680044,     	1.244669089422,     	1.068141502221,     	1.0,                	
641,   	0.012971064885,     	0.481579021539,     	0.876306680044,     	1.543868389764,     	1.068141502221,     	1.0,                	
642,   	-0.12955311162,     	0.464007105312,     	0.876306680044,     	1.843067690106,     	1.068141502221,     	1.0,                	
643,   	-0.260565925623,    	0.405206121517,     	0.876306680044,     	2.142266990448,     	1.068141502221,     	1.0,                	
644,   	-0.36842631366,     	0.310400795607,     	0.876306680044,     	2.44146629079,      	1.068141502221,     	1.0,                	
645,   	-0.443550406916,    	0.188014996836,     	0.876306680044,     	2.740665591132,     	1.068141502221,     	1.0,                	
646,   	-0.479263100029,    	0.048923240506,     	0.876306680044,     	3.039864891474,     	1.068141502221,     	1.0,                	
647,   	-0.472391163492,    	-0.09451556044,     	0.876306680044,     	3.339064191815,     	1.068141502221,     	1.0,                	
648,   	-0.423545199025,    	-0.229556239065,    	0.876306680044,     	3.638263492157,     	1.068141502221,     	1.0,                	
649,   	-0.337065384927,    	-0.344199838458,    	0.876306680044,     	3.937462792499,     	1.068141502221,     	1.0,                	
650,   	-0.220635832191,    	-0.428259771709,    	0.876306680044,     	4.236662092841,     	1.068141502221,     	1.0,                	
651,   	-0.08460181752,     	-0.474266944856,    	0.876306680044,     	4.535861393183,     	1.068141502221,     	1.0,                	
652,   	0.058949439906,     	-0.478133418666,    	0.876306680044,     	4.835060693525,     	1.068141502221,     	1.0,                	
653,   	0.197262780901,     	-0.439515639974,    	0.876306680044,     	5.134259993867,     	1.068141502221,     	1.0,                	
654,   	0.31804845814,      	-0.361844967888,    	0.876306680044,     	5.433459294209,     	1.068141502221,     	1.0,                	
655,   	0.41057413414,      	-0.252022782474,    	0.876306680044,     	5.732658594551,     	1.068141502221,     	1.0,                	
656,   	0.466618496547,     	-0.119807266854,    	0.876306680044,     	6.031857894892,     	1.068141502221,     	1.0,                	
657,   	0.367715888402,     	0.017341041096,     	0.929776485888,     	0.047123889804,     	1.193805208364,     	1.0,                	
658,   	0.333089053946,     	0.15673981125,      	0.929776485888,     	0.439822971503,     	1.193805208364,     	1.0,                	
659,   	0.247752430487,     	0.272276365991,     	0.929776485888,     	0.832522053201,     	1.193805208364,     	1.0,                	
660,   	0.124697745368,     	0.346361312201,     	0.929776485888,     	1.2252211349,       	1.193805208364,     	1.0,                	
661,   	-0.017341041096,    	0.367715888402,     	0.929776485888,     	1.617920216599,     	1.193805208364,     	1.0,                	
662,   	-0.15673981125,     	0.333089053946,     	0.929776485888,     	2.010619298297,     	1.193805208364,     	1.0,                	
663,   	-0.272276365991,    	0.247752430487,     	0.929776485888,     	2.403318379996,     	1.193805208364,     	1.0,                	
664,   	-0.346361312201,    	0.124697745368,     	0.929776485888,     	2.796017461695,     	1.193805208364,     	1.0,                	
665,   	-0.367715888402,    	-0.017341041096,    	0.929776485888,     	3.188716543394,     	1.193805208364,     	1.0,                	
666,   	-0.333089053946,    	-0.15673981125,     	0.929776485888,     	3.581415625092,     	1.193805208364,     	1.0,                	
667,   	-0.247752430487,    	-0.272276365991,    	0.929776485888,     	3.974114706791,     	1.193805208364,     	1.0,                	
668,   	-0.124697745368,    	-0.346361312201,    	0.929776485888,     	4.36681378849,      	1.193805208364,     	1.0,                	
669,   	0.017341041096,     	-0.367715888402,    	0.929776485888,     	4.759512870189,     	1.193805208364,     	1.0,                	
670,   	0.15673981125,      	-0.333089053946,    	0.929776485888,     	5.152211951887,     	1.193805208364,     	1.0,                	
671,   	0.272276365991,     	-0.247752430487,    	0.929776485888,     	5.544911033586,     	1.193805208364,     	1.0,                	
672,   	0.346361312201,     	-0.124697745368,    	0.929776485888,     	5.937610115285,     	1.193805208364,     	1.0,                	
673,   	0.248430285844,     	0.011360151996,     	0.968583161129,     	0.045695893143,     	1.319468914508,     	1.0,                	
674,   	0.202851093767,     	0.14386832082,      	0.968583161129,     	0.616894557432,     	1.319468914508,     	1.0,                	
675,   	0.092868112696,     	0.230699314308,     	0.968583161129,     	1.188093221721,     	1.319468914508,     	1.0,                	
676,   	-0.046599837981,    	0.244284905547,     	0.968583161129,     	1.75929188601,      	1.319468914508,     	1.0,                	
677,   	-0.171272669358,    	0.180311765309,     	0.968583161129,     	2.330490550299,     	1.319468914508,     	1.0,                	
678,   	-0.241567638369,    	0.059090913608,     	0.968583161129,     	2.901689214588,     	1.319468914508,     	1.0,                	
679,   	-0.235166589033,    	-0.080890885647,    	0.968583161129,     	3.472887878877,     	1.319468914508,     	1.0,                	
680,   	-0.154101809286,    	-0.195190400258,    	0.968583161129,     	4.044086543166,     	1.319468914508,     	1.0,                	
681,   	-0.024110793923,    	-0.247518341935,    	0.968583161129,     	4.615285207456,     	1.319468914508,     	1.0,                	
682,   	0.113535228152,     	-0.22126095893,     	0.968583161129,     	5.186483871745,     	1.319468914508,     	1.0,                	
683,   	0.215134617491,     	-0.124754784819,    	0.968583161129,     	5.757682536034,     	1.319468914508,     	1.0,                	
684,   	0.125174932252,     	0.006297282866,     	0.992114701314,     	0.050265482457,     	1.445132620651,     	1.0,                	
685,   	0.032692109431,     	0.120994402419,     	0.992114701314,     	1.306902543893,     	1.445132620651,     	1.0,                	
686,   	-0.104970097459,    	0.068481370277,     	0.992114701314,     	2.563539605329,     	1.445132620651,     	1.0,                	
687,   	-0.097567197463,    	-0.078670587991,    	0.992114701314,     	3.820176666765,     	1.445132620651,     	1.0,                	
688,   	0.04467025324,      	-0.117102467571,    	0.992114701314,     	5.076813728201,     	1.445132620651,     	1.0,                	
689,   	0.0,                	0.0,                	1.0,                	0.0,                	1.570796326795,     	1.0,                	
690,   	0.0,                	0.0,                	-1.0,               	0.0,                	-1.570796326795,    	1.0,                	
