number	direction_ind	# of covercap	
0	10	2	
1	38	2	
2	40	2	
3	210	2	
4	219	2	
5	236	2	
6	245	2	
7	252	2	
8	307	2	
9	367	2	
10	370	2	
11	373	2	
12	379	2	
13	388	2	
14	397	2	
15	403	2	
16	409	2	
17	418	2	
18	420	2	
19	425	2	
20	426	2	
21	429	2	
22	431	2	
23	433	2	
24	435	2	
25	437	2	
26	439	2	
27	441	2	
28	443	2	
29	495	2	
30	510	2	
31	539	2	
32	550	2	
33	552	2	
34	561	2	
35	607	2	
36	618	2	
37	682	2	
38	688	2	
39	693	2	
40	706	2	
41	734	2	
42	740	2	
43	766	2	
44	767	2	
45	792	2	
46	818	2	
47	835	2	
48	836	2	
49	839	2	
50	856	2	
51	858	2	
52	864	2	
53	898	2	
54	921	2	
55	937	2	
56	938	2	
57	952	2	
58	953	2	
59	961	2	
60	973	2	
61	976	2	
62	977	2	
63	1004	2	
64	1022	2	
65	1044	2	
66	1048	2	
67	1049	2	
68	1083	2	
69	1091	2	
70	1093	2	
71	1099	2	
72	1105	2	
73	1120	2	
74	1136	2	
75	1155	2	
76	1156	2	
77	1169	2	
78	1172	2	
79	1178	2	
80	1181	2	
81	1182	2	
82	1185	2	
83	1285	2	
84	1324	2	
85	1344	2	
86	1351	2	
87	1415	2	
88	1490	2	
89	1492	2	
90	1499	2	
91	1507	2	
92	1623	2	
93	1679	2	
94	1727	2	
95	1736	2	
96	1767	2	
97	1774	2	
98	1781	2	
99	1790	2	
100	1791	2	
101	1796	2	
102	1803	2	
103	1817	2	
104	1825	2	
105	1826	2	
106	1827	2	
107	1828	2	
108	1830	2	
109	1842	2	
110	1855	2	
111	1858	2	
112	1861	2	
113	1864	2	
114	1873	2	
115	1877	2	
116	2009	2	
117	2037	2	
118	2053	2	
119	2061	2	
120	2064	2	
121	2070	2	
122	2078	2	
123	2081	2	
124	2086	2	
125	2089	2	
126	2092	2	
127	2095	2	
128	2097	2	
129	2100	2	
130	2104	2	
131	2169	2	
132	2182	2	
133	2434	2	
134	2436	2	
135	2438	2	
136	2442	2	
137	2443	2	
138	2454	2	
139	2465	2	
140	2520	2	
141	2537	2	
142	2541	2	
143	2545	2	
144	2547	2	
145	2555	2	
146	2559	2	
147	2572	2	
148	2728	2	
149	2735	2	
150	2736	2	
151	2737	2	
152	2738	2	
153	2741	2	
154	2743	2	
155	2745	2	
156	2750	2	
157	2779	2	
158	2809	2	
159	2814	2	
160	2871	2	
161	2880	2	
162	2881	2	
163	2883	2	
164	2884	2	
165	2888	2	
166	2889	2	
167	2890	2	
168	3042	2	
169	3072	2	
170	3076	2	
171	3078	2	
172	3097	2	
173	3194	2	
174	3231	2	
175	3232	2	
176	3233	2	
177	3234	2	
178	3238	2	
179	3242	2	
180	3243	2	
181	3246	2	
182	3247	2	
183	3249	2	
184	3250	2	
185	3293	2	
186	3338	2	
187	3416	2	
188	3417	2	
189	3418	2	
190	3423	2	
191	3424	2	
192	3425	2	
193	3432	2	
194	3436	2	
195	3437	2	
196	3442	2	
197	3448	2	
198	3452	2	
199	3454	2	
200	3458	2	
201	3466	2	
202	3470	2	
203	3485	2	
204	3492	2	
205	3493	2	
206	3501	2	
207	3533	2	
208	3535	2	
209	3544	2	
210	3545	2	
211	3563	2	
212	3564	2	
213	3568	2	
214	3577	2	
215	3585	2	
216	3586	2	
217	3587	2	
218	3594	2	
219	3595	2	
220	3596	2	
221	3597	2	
222	3607	2	
223	3615	2	
224	3617	2	
225	3624	2	
226	3631	2	
227	3637	2	
228	3650	2	
229	3652	2	
230	3655	2	
231	3667	2	
232	3672	2	
233	3701	2	
234	3714	2	
235	3715	2	
236	3719	2	
237	3720	2	
238	3749	2	
239	3752	2	
240	3755	2	
241	3756	2	
242	3757	2	
243	3760	2	
244	3763	2	
245	3788	2	
246	3965	2	
247	3968	2	
248	4009	2	
249	4016	2	
250	4085	2	
251	4087	2	
252	4098	2	
253	4140	2	
254	4155	2	
255	4159	2	
256	4182	2	
257	4342	2	
258	4345	2	
259	4362	2	
260	4379	2	
261	4380	2	
262	4388	2	
263	4439	2	
264	4471	2	
265	4507	2	
266	4552	2	
267	4553	2	
268	4563	2	
269	4601	2	
270	4638	2	
271	4639	2	
272	4641	2	
273	4658	2	
274	4675	2	
275	4679	2	
276	4695	2	
277	4696	2	
278	4724	2	
279	4727	2	
280	4895	2	
281	4987	2	
282	5013	2	
283	5075	2	
284	5099	2	
285	5109	2	
286	5117	2	
287	5123	2	
288	5127	2	
289	5128	2	
290	5131	2	
291	5132	2	
292	5154	2	
293	5173	2	
294	5174	2	
295	5183	2	
296	5211	2	
297	5214	2	
298	5328	2	
299	5595	2	
300	5710	2	
301	5729	2	
302	5798	2	
303	5802	2	
304	5805	2	
305	5815	2	
306	5820	2	
307	5821	2	
308	5824	2	
309	5827	2	
310	5828	2	
311	5832	2	
312	5834	2	
313	5837	2	
314	5839	2	
315	5840	2	
316	5844	2	
317	5845	2	
318	5853	2	
319	5855	2	
320	5862	2	
321	5863	2	
322	5865	2	
323	5875	2	
324	5917	2	
325	6063	2	
326	6072	2	
327	6075	2	
328	6078	2	
329	6092	2	
330	6096	2	
331	6302	2	
332	6303	2	
333	6304	2	
334	6305	2	
335	6307	2	
336	6308	2	
337	6311	2	
338	6314	2	
339	6321	2	
340	6324	2	
341	6327	2	
342	6328	2	
343	6330	2	
344	6331	2	
345	6333	2	
346	6335	2	
347	6533	2	
348	6585	2	
349	6587	2	
350	6761	2	
351	6763	2	
352	6764	2	
353	6765	2	
354	6766	2	
355	6767	2	
356	6769	2	
357	6770	2	
358	6771	2	
359	6816	2	
360	6824	2	
361	6827	2	
362	6828	2	
363	6830	2	
364	6831	2	
365	6843	2	
366	6998	2	
367	7000	2	
368	7001	2	
369	7004	2	
370	7076	2	
371	7236	2	
372	7239	2	
373	7240	2	
374	7241	2	
375	7242	2	
376	7243	2	
377	7244	2	
378	7245	2	
379	7324	2	
380	7326	2	
381	7327	2	
382	7328	2	
383	7484	2	
384	7486	2	
385	7487	2	
386	7579	2	
387	7580	2	
388	7581	2	
389	7582	2	
390	7735	2	
391	7736	2	
392	7737	2	
393	7742	2	
394	7839	2	
395	7840	2	
396	7841	2	
397	7991	2	
398	7992	2	
399	7993	2	
400	7997	2	
401	8101	2	
402	8103	2	
403	8104	2	
404	8105	2	
405	8236	2	
406	8244	2	
407	8251	2	
408	8252	2	
409	8253	2	
410	8254	2	
411	8255	2	
412	8256	2	
413	8258	2	
414	8271	2	
415	8367	2	
416	8368	2	
417	8369	2	
418	8370	2	
419	8371	2	
420	8372	2	
421	8373	2	
422	8374	2	
423	8381	2	
424	8384	2	
425	8385	2	
426	8389	2	
427	8447	2	
428	8451	2	
429	8474	2	
430	8488	2	
431	8493	2	
432	8495	2	
433	8496	2	
434	8499	2	
435	8503	2	
436	8510	2	
437	8512	2	
438	8514	2	
439	8516	2	
440	8517	2	
441	8518	2	
442	8519	2	
443	8520	2	
444	8521	2	
445	8522	2	
446	8523	2	
447	8525	2	
448	8526	2	
449	8527	2	
450	8555	2	
451	8572	2	
452	8584	2	
453	8634	2	
454	8636	2	
455	8638	2	
456	8639	2	
457	8640	2	
458	8641	2	
459	8642	2	
460	8643	2	
461	8644	2	
462	8648	2	
463	8651	2	
464	8654	2	
465	8655	2	
466	8663	2	
467	8664	2	
468	8665	2	
469	8668	2	
470	8709	2	
471	8784	2	
472	8785	2	
473	8786	2	
474	8916	2	
475	8917	2	
476	8918	2	
477	8920	2	
478	9060	2	
479	9063	2	
480	9206	2	
481	9339	2	
482	9345	2	
483	9347	2	
484	9349	2	
485	9488	2	
486	9490	2	
487	9492	2	
488	9493	2	
489	9628	2	
490	9632	2	
491	9773	2	
492	9778	2	
493	9902	2	
494	9909	2	
495	9912	2	
496	9913	2	
497	10055	2	
498	10056	2	
499	10059	2	
500	10066	2	
501	10067	2	
502	10183	2	
503	10189	2	
504	10192	2	
505	10193	2	
506	10194	2	
507	10338	2	
508	10339	2	
509	10340	2	
510	10343	2	
511	10461	2	
512	10462	2	
513	10466	2	
514	10472	2	
515	10474	2	
516	10475	2	
517	10476	2	
518	10622	2	
519	10624	2	
520	10625	2	
521	10627	2	
522	10629	2	
523	10633	2	
524	10704	2	
525	10745	2	
526	10748	2	
527	10751	2	
528	10752	2	
529	10753	2	
530	10755	2	
531	10756	2	
532	10757	2	
533	10758	2	
534	10759	2	
535	10760	2	
536	10762	2	
537	10765	2	
538	10910	2	
539	10912	2	
540	10913	2	
541	10914	2	
542	10915	2	
543	10916	2	
544	10917	2	
545	10918	2	
546	10920	2	
547	10921	2	
548	10925	2	
549	10928	2	
550	10961	2	
551	11045	2	
552	11334	2	
553	11338	2	
554	11504	2	
555	11508	2	
556	11632	2	
557	11633	2	
558	11807	2	
559	11811	2	
560	12181	2	
561	12186	2	
562	12210	2	
563	12244	2	
564	12245	2	
565	12249	2	
566	12303	2	
567	12312	2	
568	12425	2	
569	12428	2	
570	12457	2	
571	12491	2	
572	12493	2	
573	12506	2	
574	12549	2	
575	12551	2	
576	12684	2	
577	12740	2	
578	12743	2	
579	12798	2	
580	12806	2	
581	12808	2	
582	12811	2	
583	12813	2	
584	12834	2	
585	12844	2	
586	12846	2	
587	12852	2	
588	12855	2	
589	12858	2	
590	12860	2	
591	12861	2	
592	12863	2	
593	12864	2	
594	12866	2	
595	12873	2	
596	12880	2	
597	12882	2	
598	12889	2	
599	12895	2	
600	12905	2	
601	12925	2	
602	12937	2	
603	12940	2	
604	12982	2	
605	12990	2	
606	12993	2	
607	12996	2	
608	13000	2	
609	13003	2	
610	13013	2	
611	13015	2	
612	13018	2	
613	13027	2	
614	13031	2	
615	13046	2	
616	13049	2	
617	13050	2	
618	13052	2	
619	13053	2	
620	13055	2	
621	13056	2	
622	13057	2	
623	13058	2	
624	13062	2	
625	13081	2	
626	13086	2	
627	13097	2	
628	13103	2	
629	13109	2	
630	13112	2	
631	13114	2	
632	13116	2	
633	13124	2	
634	13126	2	
635	13128	2	
636	13135	2	
637	13165	2	
638	13171	2	
639	13176	2	
640	13198	2	
641	13324	2	
642	13352	2	
643	13382	2	
644	13408	2	
645	13418	2	
646	13422	2	
647	13427	2	
648	13433	2	
649	13442	2	
650	13447	2	
651	13452	2	
652	13464	2	
653	13470	2	
654	13478	2	
655	13481	2	
656	13489	2	
657	13490	2	
658	13498	2	
659	13506	2	
660	13545	2	
661	13567	2	
662	13588	2	
663	13594	2	
664	13597	2	
665	13599	2	
666	13602	2	
667	13605	2	
668	13618	2	
669	13625	2	
670	13661	2	
671	13666	2	
672	13685	2	
673	13693	2	
674	13694	2	
675	13698	2	
676	13699	2	
677	13737	2	
678	13744	2	
679	13745	2	
680	13747	2	
681	13751	2	
682	13758	2	
683	13990	2	
684	14020	2	
685	14062	2	
686	14081	2	
687	14092	2	
688	14273	2	
689	14400	2	
690	14448	2	
691	14451	2	
692	14455	2	
693	14517	2	
694	14519	2	
695	14539	2	
696	14545	2	
697	14587	2	
698	14588	2	
699	14595	2	
700	14656	2	
701	14671	2	
702	14729	2	
703	14750	2	
704	14774	2	
705	14779	2	
706	14781	2	
707	14783	2	
708	14785	2	
709	14791	2	
710	14860	2	
711	14922	2	
712	14928	2	
713	14994	2	
714	14998	2	
715	15000	2	
716	15046	2	
717	15047	2	
718	15062	2	
719	15080	2	
720	15087	2	
721	15089	2	
722	15093	2	
723	15097	2	
724	15100	2	
725	15103	2	
726	15107	2	
727	15109	2	
728	15110	2	
729	15128	2	
730	15147	2	
731	15168	2	
732	15173	2	
733	15188	2	
734	15192	2	
735	15248	2	
736	15250	2	
737	15257	2	
738	15281	2	
739	15296	2	
740	15319	2	
741	15322	2	
742	15330	2	
743	15331	2	
744	15334	2	
745	15335	2	
746	15343	2	
747	15346	2	
748	15351	2	
749	15353	2	
750	15356	2	
751	15366	2	
752	15378	2	
753	15415	2	
754	15425	2	
755	15440	2	
756	15442	2	
757	15503	2	
758	15663	2	
759	15666	2	
760	15736	2	
761	15750	2	
762	15752	2	
763	15762	2	
764	15764	2	
765	15767	2	
766	15773	2	
767	15775	2	
768	15776	2	
769	15777	2	
770	15793	2	
771	15809	2	
772	15815	2	
773	15819	2	
774	15827	2	
775	15831	2	
776	15835	2	
777	15844	2	
778	15846	2	
779	15850	2	
780	15856	2	
781	15928	2	
782	15930	2	
783	15938	2	
784	15939	2	
785	15953	2	
786	15955	2	
787	15959	2	
788	15967	2	
789	15981	2	
790	15999	2	
791	16002	2	
792	16012	2	
793	16023	2	
794	16024	2	
795	16033	2	
796	16036	2	
797	16043	2	
798	16054	2	
799	16056	2	
800	16064	2	
801	16085	2	
802	16090	2	
803	16097	2	
804	16098	2	
805	16104	2	
806	16105	2	
807	16107	2	
808	16108	2	
809	16109	2	
810	16110	2	
811	16131	2	
812	16135	2	
813	16149	2	
814	16173	2	
815	16176	2	
816	16182	2	
817	16259	2	
818	16263	2	
819	16291	2	
820	16303	2	
821	16307	2	
822	16317	2	
823	16318	2	
824	16326	2	
825	16335	2	
826	16336	2	
827	16338	2	
828	16341	2	
829	16344	2	
830	16345	2	
831	16347	2	
832	16355	2	
833	16359	2	
834	16372	2	
835	16786	2	
836	16810	2	
837	17098	2	
838	17119	2	
839	17127	2	
840	17128	2	
841	17131	2	
842	17297	2	
843	17363	2	
844	17468	2	
845	17473	2	
846	17478	2	
847	17697	2	
848	17702	2	
849	17706	2	
850	17707	2	
851	17741	2	
852	17775	2	
853	17808	2	
854	17810	2	
855	17811	2	
856	18048	2	
857	18051	2	
858	18110	2	
859	18126	2	
860	18138	2	
861	18181	2	
862	18182	2	
863	18186	2	
864	18199	2	
865	18217	2	
866	18312	2	
867	18364	2	
868	18366	2	
869	18408	2	
870	18428	2	
871	18673	2	
872	18694	2	
873	18852	2	
874	18914	2	
875	19023	2	
876	19102	2	
877	19215	2	
878	19230	2	
879	19277	2	
880	19437	2	
881	19455	2	
882	19575	2	
883	19580	2	
884	19581	2	
885	19696	2	
886	19747	2	
887	19748	2	
888	19751	2	
889	19753	2	
890	19755	2	
891	19756	2	
892	19759	2	
893	19810	2	
894	19833	2	
895	20206	2	
896	20213	2	
897	20214	2	
898	20218	2	
899	20220	2	
900	20229	2	
901	20231	2	
902	20233	2	
903	20243	2	
904	20261	2	
905	20271	2	
906	20287	2	
907	20290	2	
908	20291	2	
909	20294	2	
910	20297	2	
911	20307	2	
912	20321	2	
913	20332	2	
914	20336	2	
915	20338	2	
916	20354	2	
917	20381	2	
918	20382	2	
919	20393	2	
920	20405	2	
921	20429	2	
922	20436	2	
923	20453	2	
924	20483	2	
925	20497	2	
926	20498	2	
927	20500	2	
928	20503	2	
929	20510	2	
930	20511	2	
931	20525	2	
932	20539	2	
933	20553	2	
934	20562	2	
935	20585	2	
936	20629	2	
937	20649	2	
938	20676	2	
939	20786	2	
940	20789	2	
941	20792	2	
942	20803	2	
943	20869	2	
944	20890	2	
945	20891	2	
946	20918	2	
947	20938	2	
948	20950	2	
949	20952	2	
950	20997	2	
951	21022	2	
952	21141	2	
953	21161	2	
954	21167	2	
955	21213	2	
956	21220	2	
957	21229	2	
958	21245	2	
959	21252	2	
960	21266	2	
961	21271	2	
962	21273	2	
963	21276	2	
964	21280	2	
965	21285	2	
966	21286	2	
967	21287	2	
968	21289	2	
969	21301	2	
970	21303	2	
971	21304	2	
972	21305	2	
973	21309	2	
974	21310	2	
975	21312	2	
976	21329	2	
977	21336	2	
978	21342	2	
979	21348	2	
980	21356	2	
981	21364	2	
982	21370	2	
983	21377	2	
984	21378	2	
985	21381	2	
986	21385	2	
987	21387	2	
988	21389	2	
989	21391	2	
990	21393	2	
991	21400	2	
992	21404	2	
993	21408	2	
994	21414	2	
995	21420	2	
996	21425	2	
997	21451	2	
998	21454	2	
999	21460	2	
1000	21474	2	
1001	21483	2	
1002	21485	2	
1003	21487	2	
1004	21491	2	
1005	21493	2	
1006	21497	2	
1007	21499	2	
1008	21504	2	
1009	21507	2	
1010	21510	2	
1011	21517	2	
1012	21521	2	
1013	21547	2	
1014	21549	2	
1015	21562	2	
1016	21565	2	
1017	21570	2	
1018	21573	2	
1019	21575	2	
1020	21582	2	
1021	21584	2	
1022	21587	2	
1023	21589	2	
1024	21591	2	
1025	21596	2	
1026	21598	2	
1027	21600	2	
1028	21605	2	
1029	21607	2	
1030	21626	2	
1031	21662	2	
1032	21707	2	
1033	21712	2	
1034	21735	2	
1035	21744	2	
1036	21757	2	
1037	21776	2	
1038	21829	2	
1039	21842	2	
1040	21879	2	
1041	21917	2	
1042	21921	2	
1043	21924	2	
1044	21926	2	
1045	21927	2	
1046	21972	2	
1047	21978	2	
1048	21979	2	
1049	21980	2	
1050	21985	2	
1051	21990	2	
1052	21996	2	
1053	22008	2	
1054	22010	2	
1055	22011	2	
1056	22012	2	
1057	22015	2	
1058	22017	2	
1059	22021	2	
1060	22025	2	
1061	22026	2	
1062	22031	2	
1063	22052	2	
1064	22053	2	
1065	22068	2	
1066	22085	2	
1067	22087	2	
1068	22092	2	
1069	22093	2	
1070	22098	2	
1071	22100	2	
1072	22102	2	
1073	22107	2	
1074	22109	2	
1075	22111	2	
1076	22126	2	
1077	22128	2	
1078	22174	2	
1079	22195	2	
1080	22196	2	
1081	22200	2	
1082	22202	2	
1083	22204	2	
1084	22209	2	
1085	22210	2	
1086	22212	2	
1087	22219	2	
1088	22253	2	
1089	22255	2	
1090	22269	2	
1091	22272	2	
1092	22274	2	
1093	22282	2	
1094	22285	2	
1095	22287	2	
1096	22291	2	
1097	22299	2	
1098	22306	2	
1099	22307	2	
1100	22314	2	
1101	22322	2	
1102	22327	2	
1103	22329	2	
1104	22361	2	
1105	22373	2	
1106	22378	2	
1107	22388	2	
1108	22390	2	
1109	22392	2	
1110	22437	2	
1111	22438	2	
1112	22447	2	
1113	22461	2	
1114	22465	2	
1115	22466	2	
1116	22467	2	
1117	22469	2	
1118	22476	2	
1119	22481	2	
1120	22493	2	
1121	22542	2	
1122	22546	2	
1123	22557	2	
1124	22569	2	
1125	22575	2	
1126	22633	2	
1127	22639	2	
1128	22667	2	
1129	22671	2	
1130	22693	2	
1131	22731	2	
1132	22737	2	
1133	22794	2	
1134	22807	2	
1135	22831	2	
1136	22833	2	
1137	22835	2	
1138	22845	2	
1139	22849	2	
1140	22851	2	
1141	22853	2	
1142	22904	2	
1143	22905	2	
1144	22916	2	
1145	22917	2	
1146	22918	2	
1147	22919	2	
1148	22925	2	
1149	22927	2	
1150	22928	2	
1151	22929	2	
1152	23029	2	
1153	23055	2	
1154	23081	2	
1155	23099	2	
1156	23173	2	
1157	23199	2	
1158	23221	2	
1159	23225	2	
1160	23271	2	
1161	23371	2	
1162	23440	2	
1163	23455	2	
1164	23458	2	
1165	23467	2	
1166	23471	2	
1167	23528	2	
1168	23530	2	
1169	23545	2	
1170	23556	2	
1171	23562	2	
1172	23567	2	
1173	23569	2	
1174	23574	2	
1175	23575	2	
1176	23579	2	
1177	23581	2	
1178	23583	2	
1179	23587	2	
1180	23590	2	
1181	23599	2	
1182	23622	2	
1183	23628	2	
1184	23629	2	
1185	23631	2	
1186	23651	2	
1187	23663	2	
1188	23670	2	
1189	23679	2	
1190	23681	2	
1191	23684	2	
1192	23687	2	
1193	23739	2	
1194	23745	2	
1195	23747	2	
1196	23770	2	
1197	23781	2	
1198	23789	2	
1199	23901	2	
1200	23912	2	
1201	23918	2	
1202	23920	2	
1203	23922	2	
1204	23942	2	
1205	23955	2	
1206	23961	2	
1207	23964	2	
1208	23986	2	
1209	23988	2	
1210	23998	2	
1211	24046	2	
1212	24049	2	
1213	24084	2	
1214	24332	2	
1215	24351	2	
1216	24568	2	
1217	24570	2	
1218	24600	2	
1219	24644	2	
1220	24651	2	
1221	24658	2	
1222	24660	2	
1223	24673	2	
1224	24676	2	
1225	24680	2	
1226	24684	2	
1227	24686	2	
1228	24692	2	
1229	24700	2	
1230	24701	2	
1231	24714	2	
1232	24719	2	
1233	24720	2	
1234	24722	2	
1235	24725	2	
1236	24730	2	
1237	24731	2	
1238	24733	2	
1239	24735	2	
1240	24738	2	
1241	24746	2	
1242	24748	2	
1243	24750	2	
1244	24780	2	
1245	24875	2	
1246	25046	2	
1247	25048	2	
1248	25050	2	
1249	25056	2	
1250	25058	2	
1251	25098	2	
1252	25112	2	
1253	25796	2	
1254	25798	2	
1255	25802	2	
1256	25804	2	
1257	25809	2	
1258	25813	2	
1259	25815	2	
1260	25816	2	
1261	25825	2	
1262	25827	2	
1263	25830	2	
1264	25834	2	
1265	25847	2	
1266	25849	2	
1267	25859	2	
1268	25967	2	
1269	26006	2	
1270	26009	2	
1271	26014	2	
1272	26017	2	
1273	26041	2	
1274	26042	2	
1275	26043	2	
1276	26047	2	
1277	26080	2	
1278	26102	2	
1279	26113	2	
1280	26140	2	
1281	26149	2	
1282	26153	2	
1283	26157	2	
1284	26160	2	
1285	26162	2	
1286	26164	2	
1287	26165	2	
1288	26167	2	
1289	26168	2	
1290	26170	2	
1291	26172	2	
1292	26173	2	
1293	26174	2	
1294	26176	2	
1295	26178	2	
1296	26179	2	
1297	26180	2	
1298	26182	2	
1299	26183	2	
1300	26184	2	
1301	26185	2	
1302	26186	2	
1303	26187	2	
1304	26188	2	
1305	26195	2	
1306	26196	2	
1307	26198	2	
1308	26199	2	
1309	26200	2	
1310	26202	2	
1311	26205	2	
1312	26207	2	
1313	26208	2	
1314	26209	2	
1315	26210	2	
1316	26211	2	
1317	26213	2	
1318	26215	2	
1319	26217	2	
1320	26219	2	
1321	26220	2	
1322	26232	2	
1323	26255	2	
1324	26259	2	
1325	26266	2	
1326	26276	2	
1327	26333	2	
1328	26345	2	
1329	26347	2	
1330	26356	2	
1331	26359	2	
1332	26410	2	
1333	26416	2	
1334	26523	2	
1335	26554	2	
1336	26555	2	
1337	26559	2	
1338	26563	2	
1339	26564	2	
1340	26574	2	
1341	26578	2	
1342	26585	2	
1343	26778	2	
1344	26805	2	
1345	26901	2	
1346	26905	2	
1347	26923	2	
1348	26925	2	
1349	26929	2	
1350	26932	2	
1351	26934	2	
1352	26935	2	
1353	26936	2	
1354	26937	2	
1355	26938	2	
1356	26940	2	
1357	26941	2	
1358	26942	2	
1359	26943	2	
1360	26944	2	
1361	26945	2	
1362	26946	2	
1363	26947	2	
1364	26948	2	
1365	26949	2	
1366	26950	2	
1367	26952	2	
1368	26953	2	
1369	26955	2	
1370	26958	2	
1371	26960	2	
1372	26962	2	
1373	26966	2	
1374	26969	2	
1375	26971	2	
1376	26973	2	
1377	27126	2	
1378	27322	2	
1379	27323	2	
1380	27324	2	
1381	27325	2	
1382	27326	2	
1383	27328	2	
1384	27329	2	
1385	27330	2	
1386	27331	2	
1387	27332	2	
1388	27334	2	
1389	27340	2	
1390	27342	2	
1391	27343	2	
1392	27345	2	
1393	27348	2	
1394	27353	2	
1395	27643	2	
1396	27709	2	
1397	27712	2	
1398	27713	2	
1399	27715	2	
1400	27716	2	
1401	27717	2	
1402	27718	2	
1403	27719	2	
1404	27720	2	
1405	27721	2	
1406	27722	2	
1407	27723	3	
1408	27724	3	
1409	27725	2	
1410	27726	3	
1411	27727	5	
1412	27728	4	
1413	27729	2	
1414	27730	2	
1415	27731	2	
1416	27733	2	
1417	27735	2	
1418	27736	2	
1419	27737	2	
1420	27738	2	
1421	27739	2	
1422	27741	2	
1423	27742	2	
1424	27743	2	
1425	27744	2	
1426	27746	2	
1427	27750	2	
1428	28094	2	
1429	28096	2	
1430	28098	2	
1431	28100	2	
1432	28101	2	
1433	28103	2	
1434	28105	3	
1435	28106	2	
1436	28107	3	
1437	28108	4	
1438	28109	3	
1439	28110	5	
1440	28111	6	
1441	28112	6	
1442	28113	7	
1443	28114	7	
1444	28115	7	
1445	28116	6	
1446	28117	5	
1447	28118	5	
1448	28119	4	
1449	28120	4	
1450	28121	4	
1451	28122	4	
1452	28123	4	
1453	28124	3	
1454	28125	4	
1455	28126	4	
1456	28127	2	
1457	28128	3	
1458	28129	3	
1459	28130	3	
1460	28132	3	
1461	28133	3	
1462	28134	2	
1463	28135	2	
1464	28137	2	
1465	28138	2	
1466	28140	2	
1467	28142	2	
1468	28144	2	
1469	28145	2	
1470	28147	2	
1471	28303	2	
1472	28504	2	
1473	28505	2	
1474	28511	2	
1475	28513	2	
1476	28514	2	
1477	28517	2	
1478	28518	2	
1479	28519	2	
1480	28520	2	
1481	28523	2	
1482	28526	2	
1483	28527	2	
1484	28528	2	
1485	28529	2	
1486	28530	2	
1487	28531	2	
1488	28532	2	
1489	28533	2	
1490	28534	2	
1491	28535	2	
1492	28536	2	
1493	28537	3	
1494	28538	3	
1495	28539	2	
1496	28540	2	
1497	28541	4	
1498	28542	3	
1499	28543	6	
1500	28544	6	
1501	28545	8	
1502	28546	10	
1503	28547	8	
1504	28548	8	
1505	28549	6	
1506	28550	6	
1507	28551	6	
1508	28552	4	
1509	28553	6	
1510	28554	4	
1511	28555	3	
1512	28556	3	
1513	28557	4	
1514	28558	4	
1515	28559	2	
1516	28560	2	
1517	28561	3	
1518	28562	4	
1519	28563	3	
1520	28564	2	
1521	28565	3	
1522	28566	3	
1523	28567	2	
1524	28568	2	
1525	28569	2	
1526	28570	2	
1527	28571	2	
1528	28572	2	
1529	28573	2	
1530	28574	2	
1531	28575	2	
1532	28578	2	
1533	28579	2	
1534	28580	2	
1535	28581	2	
1536	28585	2	
1537	28587	2	
1538	28588	2	
1539	28593	2	
1540	28594	2	
1541	28595	2	
1542	28600	2	
1543	28601	2	
1544	28607	2	
1545	28608	2	
1546	28635	2	
