Point's Coordinates for twisted_polar_coordinates_23

num,   	x,,                 	y,,                 	z,,                 	theta,,             	phi,,               	norm,               	

1,     	0.135963461697,     	0.007435953842,     	-0.990685946036,    	0.054636393975,     	-1.434205341856,    	1.0,                	
2,     	0.034943007922,     	0.131606772331,     	-0.990685946036,    	1.311273455411,     	-1.434205341856,    	1.0,                	
3,     	-0.114367495132,    	0.073901504608,     	-0.990685946036,    	2.567910516847,     	-1.434205341856,    	1.0,                	
4,     	-0.105626007121,    	-0.085933130664,    	-0.990685946036,    	3.824547578283,     	-1.434205341856,    	1.0,                	
5,     	0.049087032635,     	-0.127011100118,    	-0.990685946036,    	5.081184639719,     	-1.434205341856,    	1.0,                	
6,     	0.269464037947,     	0.013395147639,     	-0.962917287348,    	0.049669449069,     	-1.297614356918,    	1.0,                	
7,     	0.219445610324,     	0.156951973024,     	-0.962917287348,    	0.620868113358,     	-1.297614356918,    	1.0,                	
8,     	0.099754751952,     	0.250677655944,     	-0.962917287348,    	1.192066777647,     	-1.297614356918,    	1.0,                	
9,     	-0.051607535331,    	0.264814954305,     	-0.962917287348,    	1.763265441936,     	-1.297614356918,    	1.0,                	
10,    	-0.186584794788,    	0.194875375768,     	-0.962917287348,    	2.334464106225,     	-1.297614356918,    	1.0,                	
11,    	-0.262322700245,    	0.063064242347,     	-0.962917287348,    	2.905662770514,     	-1.297614356918,    	1.0,                	
12,    	-0.254775001858,    	-0.088769342428,    	-0.962917287348,    	3.476861434803,     	-1.297614356918,    	1.0,                	
13,    	-0.166338040535,    	-0.212419288196,    	-0.962917287348,    	4.048060099092,     	-1.297614356918,    	1.0,                	
14,    	-0.025089926631,    	-0.268627610845,    	-0.962917287348,    	4.619258763381,     	-1.297614356918,    	1.0,                	
15,    	0.124124061702,     	-0.239548565083,    	-0.962917287348,    	5.19045742767,      	-1.297614356918,    	1.0,                	
16,    	0.233929537463,     	-0.134414542476,    	-0.962917287348,    	5.761656091959,     	-1.297614356918,    	1.0,                	
17,    	0.39787857074,      	0.020397826768,     	-0.917211301505,    	0.051221619352,     	-1.161023371979,    	1.0,                	
18,    	0.359785957571,     	0.171106671774,     	-0.917211301505,    	0.443920701051,     	-1.161023371979,    	1.0,                	
19,    	0.266919193829,     	0.295766077088,     	-0.917211301505,    	0.836619782749,     	-1.161023371979,    	1.0,                	
20,    	0.133416402456,     	0.375397778292,     	-0.917211301505,    	1.229318864448,     	-1.161023371979,    	1.0,                	
21,    	-0.020397826768,    	0.39787857074,      	-0.917211301505,    	1.622017946147,     	-1.161023371979,    	1.0,                	
22,    	-0.171106671774,    	0.359785957571,     	-0.917211301505,    	2.014717027846,     	-1.161023371979,    	1.0,                	
23,    	-0.295766077088,    	0.266919193829,     	-0.917211301505,    	2.407416109544,     	-1.161023371979,    	1.0,                	
24,    	-0.375397778292,    	0.133416402456,     	-0.917211301505,    	2.800115191243,     	-1.161023371979,    	1.0,                	
25,    	-0.39787857074,     	-0.020397826768,    	-0.917211301505,    	3.192814272942,     	-1.161023371979,    	1.0,                	
26,    	-0.359785957571,    	-0.171106671774,    	-0.917211301505,    	3.585513354641,     	-1.161023371979,    	1.0,                	
27,    	-0.266919193829,    	-0.295766077088,    	-0.917211301505,    	3.978212436339,     	-1.161023371979,    	1.0,                	
28,    	-0.133416402456,    	-0.375397778292,    	-0.917211301505,    	4.370911518038,     	-1.161023371979,    	1.0,                	
29,    	0.020397826768,     	-0.39787857074,     	-0.917211301505,    	4.763610599737,     	-1.161023371979,    	1.0,                	
30,    	0.171106671774,     	-0.359785957571,    	-0.917211301505,    	5.156309681435,     	-1.161023371979,    	1.0,                	
31,    	0.295766077088,     	-0.266919193829,    	-0.917211301505,    	5.549008763134,     	-1.161023371979,    	1.0,                	
32,    	0.375397778292,     	-0.133416402456,    	-0.917211301505,    	5.941707844833,     	-1.161023371979,    	1.0,                	
33,    	0.518880694441,     	0.027024175674,     	-0.854419404546,    	0.052034660929,     	-1.02443238704,     	1.0,                	
34,    	0.487862765441,     	0.178766336962,     	-0.854419404546,    	0.351233961271,     	-1.02443238704,     	1.0,                	
35,    	0.413496088781,     	0.314624324707,     	-0.854419404546,    	0.650433261613,     	-1.02443238704,     	1.0,                	
36,    	0.302388470035,     	0.422526560495,     	-0.854419404546,    	0.949632561955,     	-1.02443238704,     	1.0,                	
37,    	0.164412308717,     	0.492885457157,     	-0.854419404546,    	1.248831862297,     	-1.02443238704,     	1.0,                	
38,    	0.011827392258,     	0.519449317958,     	-0.854419404546,    	1.548031162638,     	-1.02443238704,     	1.0,                	
39,    	-0.141808439908,    	0.499857827292,     	-0.854419404546,    	1.84723046298,      	-1.02443238704,     	1.0,                	
40,    	-0.282843969871,    	0.435851775082,     	-0.854419404546,    	2.146429763322,     	-1.02443238704,     	1.0,                	
41,    	-0.398747571871,    	0.333118379952,     	-0.854419404546,    	2.445629063664,     	-1.02443238704,     	1.0,                	
42,    	-0.479220702235,    	0.200785954897,     	-0.854419404546,    	2.744828364006,     	-1.02443238704,     	1.0,                	
43,    	-0.51711297018,     	0.050612816614,     	-0.854419404546,    	3.044027664348,     	-1.02443238704,     	1.0,                	
44,    	-0.509057481412,    	-0.104057492535,    	-0.854419404546,    	3.34322696469,      	-1.02443238704,     	1.0,                	
45,    	-0.455770001459,    	-0.249481836823,    	-0.854419404546,    	3.642426265032,     	-1.02443238704,     	1.0,                	
46,    	-0.361985356762,    	-0.372738625077,    	-0.854419404546,    	3.941625565374,     	-1.02443238704,     	1.0,                	
47,    	-0.23603672457,     	-0.462875950756,    	-0.854419404546,    	4.240824865715,     	-1.02443238704,     	1.0,                	
48,    	-0.08911519357,     	-0.511884716913,    	-0.854419404546,    	4.540024166057,     	-1.02443238704,     	1.0,                	
49,    	0.065724613454,     	-0.515410279603,    	-0.854419404546,    	4.839223466399,     	-1.02443238704,     	1.0,                	
50,    	0.214724500145,     	-0.47313937711,     	-0.854419404546,    	5.138422766741,     	-1.02443238704,     	1.0,                	
51,    	0.344645172695,     	-0.388827964622,    	-0.854419404546,    	5.437622067083,     	-1.02443238704,     	1.0,                	
52,    	0.443942609201,     	-0.269967481134,    	-0.854419404546,    	5.736821367425,     	-1.02443238704,     	1.0,                	
53,    	0.503793796669,     	-0.127119202215,    	-0.854419404546,    	6.036020667767,     	-1.02443238704,     	1.0,                	
54,    	0.630146237094,     	0.034463217357,     	-0.775711290704,    	0.054636393975,     	-0.887841402101,    	1.0,                	
55,    	0.601778380662,     	0.19009148861,      	-0.775711290704,    	0.305963806263,     	-0.887841402101,    	1.0,                	
56,    	0.535598575387,     	0.333775612527,     	-0.775711290704,    	0.55729121855,      	-0.887841402101,    	1.0,                	
57,    	0.435765141826,     	0.456487387167,     	-0.775711290704,    	0.808618630837,     	-0.887841402101,    	1.0,                	
58,    	0.308550981773,     	0.550516380429,     	-0.775711290704,    	1.059946043124,     	-0.887841402101,    	1.0,                	
59,    	0.161949428764,     	0.609954404851,     	-0.775711290704,    	1.311273455411,     	-0.887841402101,    	1.0,                	
60,    	0.005171997537,     	0.63106675076,      	-0.775711290704,    	1.562600867699,     	-0.887841402101,    	1.0,                	
61,    	-0.151930409317,    	0.612526851818,     	-0.775711290704,    	1.813928279986,     	-0.887841402101,    	1.0,                	
62,    	-0.299486469792,    	0.555499638061,     	-0.775711290704,    	2.065255692273,     	-0.887841402101,    	1.0,                	
63,    	-0.428224693935,    	0.463568339059,     	-0.775711290704,    	2.31658310456,      	-0.887841402101,    	1.0,                	
64,    	-0.530055985659,    	0.342509336429,     	-0.775711290704,    	2.567910516847,     	-0.887841402101,    	1.0,                	
65,    	-0.598581910394,    	0.19992921253,      	-0.775711290704,    	2.819237929134,     	-0.887841402101,    	1.0,                	
66,    	-0.629496732269,    	0.044786800919,     	-0.775711290704,    	3.070565341422,     	-0.887841402101,    	1.0,                	
67,    	-0.620857959328,    	-0.113169730108,    	-0.775711290704,    	3.321892753709,     	-0.887841402101,    	1.0,                	
68,    	-0.573208397447,    	-0.264015390782,    	-0.775711290704,    	3.573220165996,     	-0.887841402101,    	1.0,                	
69,    	-0.489542043841,    	-0.398271993474,    	-0.775711290704,    	3.824547578283,     	-0.887841402101,    	1.0,                	
70,    	-0.375115963211,    	-0.507503702073,    	-0.775711290704,    	4.07587499057,      	-0.887841402101,    	1.0,                	
71,    	-0.237119967033,    	-0.584847086603,    	-0.775711290704,    	4.327202402858,     	-0.887841402101,    	1.0,                	
72,    	-0.084224851259,    	-0.625442377765,    	-0.775711290704,    	4.578529815145,     	-0.887841402101,    	1.0,                	
73,    	0.073962421676,     	-0.626738824115,    	-0.775711290704,    	4.829857227432,     	-0.887841402101,    	1.0,                	
74,    	0.227502363643,     	-0.588654965163,    	-0.775711290704,    	5.081184639719,     	-0.887841402101,    	1.0,                	
75,    	0.366747495407,     	-0.513583749827,    	-0.775711290704,    	5.332512052006,     	-0.887841402101,    	1.0,                	
76,    	0.482948533231,     	-0.406242178661,    	-0.775711290704,    	5.583839464294,     	-0.887841402101,    	1.0,                	
77,    	0.568804138553,     	-0.273374917356,    	-0.775711290704,    	5.835166876581,     	-0.887841402101,    	1.0,                	
78,    	0.618919687933,     	-0.12333050459,     	-0.775711290704,    	6.086494288868,     	-0.887841402101,    	1.0,                	
79,    	0.729668926629,     	0.041285157072,     	-0.682553143219,    	0.056520407561,     	-0.751250417163,    	1.0,                	
80,    	0.703734584219,     	0.197177183408,     	-0.682553143219,    	0.273181969877,     	-0.751250417163,    	1.0,                	
81,    	0.644894394796,     	0.343849423794,     	-0.682553143219,    	0.489843532194,     	-0.751250417163,    	1.0,                	
82,    	0.55589966022,      	0.474443647285,     	-0.682553143219,    	0.70650509451,      	-0.751250417163,    	1.0,                	
83,    	0.440911675371,     	0.582853413136,     	-0.682553143219,    	0.923166656827,     	-0.751250417163,    	1.0,                	
84,    	0.30530715062,      	0.664009601183,     	-0.682553143219,    	1.139828219144,     	-0.751250417163,    	1.0,                	
85,    	0.15542680283,      	0.714117438272,     	-0.682553143219,    	1.35648978146,      	-0.751250417163,    	1.0,                	
86,    	-0.001721129516,    	0.730833937633,     	-0.682553143219,    	1.573151343777,     	-0.751250417163,    	1.0,                	
87,    	-0.158788583758,    	0.713377454333,     	-0.682553143219,    	1.789812906093,     	-0.751250417163,    	1.0,                	
88,    	-0.308431260305,    	0.662564234131,     	-0.682553143219,    	2.00647446841,      	-0.751250417163,    	1.0,                	
89,    	-0.443652033916,    	0.580770246728,     	-0.682553143219,    	2.223136030726,     	-0.751250417163,    	1.0,                	
90,    	-0.558128131506,    	0.471820088068,     	-0.682553143219,    	2.439797593043,     	-0.751250417163,    	1.0,                	
91,    	-0.646506777981,    	0.34080814648,      	-0.682553143219,    	2.656459155359,     	-0.751250417163,    	1.0,                	
92,    	-0.704655486058,    	0.193860394744,     	-0.682553143219,    	2.873120717676,     	-0.751250417163,    	1.0,                	
93,    	-0.729855286776,    	0.03784794641,      	-0.682553143219,    	3.089782279992,     	-0.751250417163,    	1.0,                	
94,    	-0.72092786546,     	-0.119934229834,    	-0.682553143219,    	3.306443842309,     	-0.751250417163,    	1.0,                	
95,    	-0.678290658409,    	-0.272108414787,    	-0.682553143219,    	3.523105404625,     	-0.751250417163,    	1.0,                	
96,    	-0.603937334036,    	-0.411559112692,    	-0.682553143219,    	3.739766966942,     	-0.751250417163,    	1.0,                	
97,    	-0.501344571152,    	-0.531765763902,    	-0.682553143219,    	3.956428529259,     	-0.751250417163,    	1.0,                	
98,    	-0.375309493326,    	-0.627107639008,    	-0.682553143219,    	4.173090091575,     	-0.751250417163,    	1.0,                	
99,    	-0.231725360718,    	-0.693126657893,    	-0.682553143219,    	4.389751653892,     	-0.751250417163,    	1.0,                	
100,   	-0.077306007787,    	-0.726735844611,    	-0.682553143219,    	4.606413216208,     	-0.751250417163,    	1.0,                	
101,   	0.080728088149,     	-0.726363670943,    	-0.682553143219,    	4.823074778525,     	-0.751250417163,    	1.0,                	
102,   	0.234987428405,     	-0.692027539318,    	-0.682553143219,    	5.039736340841,     	-0.751250417163,    	1.0,                	
103,   	0.378259017679,     	-0.625332969087,    	-0.682553143219,    	5.256397903158,     	-0.751250417163,    	1.0,                	
104,   	0.503843635691,     	-0.529398524229,    	-0.682553143219,    	5.473059465474,     	-0.751250417163,    	1.0,                	
105,   	0.60586908528,      	-0.408709992763,    	-0.682553143219,    	5.689721027791,     	-0.751250417163,    	1.0,                	
106,   	0.679564769817,     	-0.268910636283,    	-0.682553143219,    	5.906382590107,     	-0.751250417163,    	1.0,                	
107,   	0.721484760999,     	-0.116537317324,    	-0.682553143219,    	6.123044152424,     	-0.751250417163,    	1.0,                	
108,   	0.815598610963,     	0.047315028066,     	-0.576680322115,    	0.05794769058,      	-0.614659432224,    	1.0,                	
109,   	0.791905253614,     	0.200813035893,     	-0.576680322115,    	0.248347245343,     	-0.614659432224,    	1.0,                	
110,   	0.73959037711,      	0.34705313739,      	-0.576680322115,    	0.438746800106,     	-0.614659432224,    	1.0,                	
111,   	0.660544777393,     	0.480749834263,     	-0.576680322115,    	0.629146354869,     	-0.614659432224,    	1.0,                	
112,   	0.557625368389,     	0.597070979544,     	-0.576680322115,    	0.819545909632,     	-0.614659432224,    	1.0,                	
113,   	0.434551925693,     	0.691812423972,     	-0.576680322115,    	1.009945464395,     	-0.614659432224,    	1.0,                	
114,   	0.295772644188,     	0.761549964898,     	-0.576680322115,    	1.200345019158,     	-0.614659432224,    	1.0,                	
115,   	0.146303368694,     	0.803763105893,     	-0.576680322115,    	1.390744573921,     	-0.614659432224,    	1.0,                	
116,   	-0.008453691735,    	0.816926154057,     	-0.576680322115,    	1.581144128684,     	-0.614659432224,    	1.0,                	
117,   	-0.162905213718,    	0.800563362532,     	-0.576680322115,    	1.771543683447,     	-0.614659432224,    	1.0,                	
118,   	-0.311468916832,    	0.755266125239,     	-0.576680322115,    	1.96194323821,      	-0.614659432224,    	1.0,                	
119,   	-0.448775321767,    	0.682671602352,     	-0.576680322115,    	2.152342792973,     	-0.614659432224,    	1.0,                	
120,   	-0.569861817301,    	0.585403549073,     	-0.576680322115,    	2.342742347736,     	-0.614659432224,    	1.0,                	
121,   	-0.670352021997,    	0.466977486277,     	-0.576680322115,    	2.533141902499,     	-0.614659432224,    	1.0,                	
122,   	-0.746613958034,    	0.331673640428,     	-0.576680322115,    	2.723541457262,     	-0.614659432224,    	1.0,                	
123,   	-0.795891320343,    	0.184382245048,     	-0.576680322115,    	2.913941012025,     	-0.614659432224,    	1.0,                	
124,   	-0.81640309666,     	0.030426794927,     	-0.576680322115,    	3.104340566788,     	-0.614659432224,    	1.0,                	
125,   	-0.807407937946,    	-0.124628358838,    	-0.576680322115,    	3.294740121551,     	-0.614659432224,    	1.0,                	
126,   	-0.769230952675,    	-0.275179118998,    	-0.576680322115,    	3.485139676314,     	-0.614659432224,    	1.0,                	
127,   	-0.703251956562,    	-0.415784188826,    	-0.576680322115,    	3.675539231077,     	-0.614659432224,    	1.0,                	
128,   	-0.611855602433,    	-0.541361734755,    	-0.576680322115,    	3.86593878584,      	-0.614659432224,    	1.0,                	
129,   	-0.498345192659,    	-0.647373057085,    	-0.576680322115,    	4.056338340603,     	-0.614659432224,    	1.0,                	
130,   	-0.366823289196,    	-0.729986630418,    	-0.576680322115,    	4.246737895366,     	-0.614659432224,    	1.0,                	
131,   	-0.222043436313,    	-0.786216584966,    	-0.576680322115,    	4.437137450129,     	-0.614659432224,    	1.0,                	
132,   	-0.069238355113,    	-0.814030623666,    	-0.576680322115,    	4.627537004892,     	-0.614659432224,    	1.0,                	
133,   	0.08606918064,      	-0.812423474691,    	-0.576680322115,    	4.817936559655,     	-0.614659432224,    	1.0,                	
134,   	0.238265951953,     	-0.781453224592,    	-0.576680322115,    	5.008336114419,     	-0.614659432224,    	1.0,                	
135,   	0.381851170967,     	-0.722239218899,    	-0.576680322115,    	5.198735669182,     	-0.614659432224,    	1.0,                	
136,   	0.511635293759,     	-0.63692160606,     	-0.576680322115,    	5.389135223945,     	-0.614659432224,    	1.0,                	
137,   	0.622927583981,     	-0.528583986894,    	-0.576680322115,    	5.579534778708,     	-0.614659432224,    	1.0,                	
138,   	0.711705648296,     	-0.40114196523,     	-0.576680322115,    	5.769934333471,     	-0.614659432224,    	1.0,                	
139,   	0.774760816151,     	-0.259201627778,    	-0.576680322115,    	5.960333888234,     	-0.614659432224,    	1.0,                	
140,   	0.80981410949,      	-0.107893068154,    	-0.576680322115,    	6.150733442997,     	-0.614659432224,    	1.0,                	
141,   	0.886154869556,     	0.055404947613,     	-0.460065037731,    	0.062441593115,     	-0.478068447285,    	1.0,                	
142,   	0.862021060835,     	0.212743629129,     	-0.460065037731,    	0.24196117332,      	-0.478068447285,    	1.0,                	
143,   	0.810181185945,     	0.36324455536,      	-0.460065037731,    	0.421480753525,     	-0.478068447285,    	1.0,                	
144,   	0.732301421119,     	0.502070502702,     	-0.460065037731,    	0.60100033373,      	-0.478068447285,    	1.0,                	
145,   	0.63088488608,      	0.624759490983,     	-0.460065037731,    	0.780519913935,     	-0.478068447285,    	1.0,                	
146,   	0.509191191708,     	0.72736819517,      	-0.460065037731,    	0.96003949414,      	-0.478068447285,    	1.0,                	
147,   	0.37113167347,      	0.806598687083,     	-0.460065037731,    	1.139559074346,     	-0.478068447285,    	1.0,                	
148,   	0.221143677879,     	0.859904433522,     	-0.460065037731,    	1.319078654551,     	-0.478068447285,    	1.0,                	
149,   	0.064047942523,     	0.885572143936,     	-0.460065037731,    	1.498598234756,     	-0.478068447285,    	1.0,                	
150,   	-0.095106346404,    	0.882776836993,     	-0.460065037731,    	1.678117814961,     	-0.478068447285,    	1.0,                	
151,   	-0.251203839104,    	0.851608356157,     	-0.460065037731,    	1.857637395166,     	-0.478068447285,    	1.0,                	
152,   	-0.399227433724,    	0.793068482049,     	-0.460065037731,    	2.037156975371,     	-0.478068447285,    	1.0,                	
153,   	-0.534419530139,    	0.709038734389,     	-0.460065037731,    	2.216676555576,     	-0.478068447285,    	1.0,                	
154,   	-0.652434943133,    	0.602219898406,     	-0.460065037731,    	2.396196135782,     	-0.478068447285,    	1.0,                	
155,   	-0.749480560229,    	0.476045219381,     	-0.460065037731,    	2.575715715987,     	-0.478068447285,    	1.0,                	
156,   	-0.822437255446,    	0.334570055313,     	-0.460065037731,    	2.755235296192,     	-0.478068447285,    	1.0,                	
157,   	-0.868960140568,    	0.182341534383,     	-0.460065037731,    	2.934754876397,     	-0.478068447285,    	1.0,                	
158,   	-0.88755393179,     	0.024252406506,     	-0.460065037731,    	3.114274456602,     	-0.478068447285,    	1.0,                	
159,   	-0.877621009362,    	-0.134616213671,    	-0.460065037731,    	3.293794036807,     	-0.478068447285,    	1.0,                	
160,   	-0.839480625585,    	-0.289158157977,    	-0.460065037731,    	3.473313617012,     	-0.478068447285,    	1.0,                	
161,   	-0.774358643774,    	-0.434406321167,    	-0.460065037731,    	3.652833197217,     	-0.478068447285,    	1.0,                	
162,   	-0.684348138008,    	-0.565692307763,    	-0.460065037731,    	3.832352777423,     	-0.478068447285,    	1.0,                	
163,   	-0.572342120003,    	-0.678796478135,    	-0.460065037731,    	4.011872357628,     	-0.478068447285,    	1.0,                	
164,   	-0.441940555336,    	-0.770083571183,    	-0.460065037731,    	4.191391937833,     	-0.478068447285,    	1.0,                	
165,   	-0.297334657591,    	-0.836619544627,    	-0.460065037731,    	4.370911518038,     	-0.478068447285,    	1.0,                	
166,   	-0.143172179303,    	-0.876265877534,    	-0.460065037731,    	4.550431098243,     	-0.478068447285,    	1.0,                	
167,   	0.01559197063,      	-0.887748304143,    	-0.460065037731,    	4.729950678448,     	-0.478068447285,    	1.0,                	
168,   	0.173854981798,     	-0.870697769815,    	-0.460065037731,    	4.909470258653,     	-0.478068447285,    	1.0,                	
169,   	0.326530150803,     	-0.825662292753,    	-0.460065037731,    	5.088989838858,     	-0.478068447285,    	1.0,                	
170,   	0.468710372091,     	-0.754089350244,    	-0.460065037731,    	5.268509419064,     	-0.478068447285,    	1.0,                	
171,   	0.595825856364,     	-0.658279355552,    	-0.460065037731,    	5.448028999269,     	-0.478068447285,    	1.0,                	
172,   	0.703791007366,     	-0.541311720738,    	-0.460065037731,    	5.627548579474,     	-0.478068447285,    	1.0,                	
173,   	0.78913573631,      	-0.406945881827,    	-0.460065037731,    	5.807068159679,     	-0.478068447285,    	1.0,                	
174,   	0.849116993386,     	-0.259500467438,    	-0.460065037731,    	5.986587739884,     	-0.478068447285,    	1.0,                	
175,   	0.881806931639,     	-0.103714494508,    	-0.460065037731,    	6.166107320089,     	-0.478068447285,    	1.0,                	
176,   	0.940289355005,     	0.060922690482,     	-0.334879612171,    	0.064700992866,     	-0.341477462347,    	1.0,                	
177,   	0.9174374885,       	0.214858325523,     	-0.334879612171,    	0.230047974634,     	-0.341477462347,    	1.0,                	
178,   	0.86956031889,      	0.362933185538,     	-0.334879612171,    	0.395394956401,     	-0.341477462347,    	1.0,                	
179,   	0.797963810554,     	0.501108174347,     	-0.334879612171,    	0.560741938169,     	-0.341477462347,    	1.0,                	
180,   	0.704600929604,     	0.625614238452,     	-0.334879612171,    	0.726088919937,     	-0.341477462347,    	1.0,                	
181,   	0.592018372051,     	0.733055176986,     	-0.334879612171,    	0.891435901705,     	-0.341477462347,    	1.0,                	
182,   	0.463287096585,     	0.820500281225,     	-0.334879612171,    	1.056782883473,     	-0.341477462347,    	1.0,                	
183,   	0.321918556824,     	0.885564276676,     	-0.334879612171,    	1.222129865241,     	-0.341477462347,    	1.0,                	
184,   	0.171768918012,     	0.926472387153,     	-0.334879612171,    	1.387476847009,     	-0.341477462347,    	1.0,                	
185,   	0.016933870884,     	0.942108746042,     	-0.334879612171,    	1.552823828777,     	-0.341477462347,    	1.0,                	
186,   	-0.138363088098,    	0.932046834233,     	-0.334879612171,    	1.718170810545,     	-0.341477462347,    	1.0,                	
187,   	-0.289885862722,    	0.896561114451,     	-0.334879612171,    	1.883517792312,     	-0.341477462347,    	1.0,                	
188,   	-0.433501306687,    	0.836619544627,     	-0.334879612171,    	2.04886477408,      	-0.341477462347,    	1.0,                	
189,   	-0.56529196506,     	0.753857174531,     	-0.334879612171,    	2.214211755848,     	-0.341477462347,    	1.0,                	
190,   	-0.681662932231,    	0.650531545872,     	-0.334879612171,    	2.379558737616,     	-0.341477462347,    	1.0,                	
191,   	-0.779439911574,    	0.52946111245,      	-0.334879612171,    	2.544905719384,     	-0.341477462347,    	1.0,                	
192,   	-0.855955801978,    	0.393948360083,     	-0.334879612171,    	2.710252701152,     	-0.341477462347,    	1.0,                	
193,   	-0.909123449414,    	0.2476897234,       	-0.334879612171,    	2.87559968292,      	-0.341477462347,    	1.0,                	
194,   	-0.937492579058,    	0.094674756742,     	-0.334879612171,    	3.040946664688,     	-0.341477462347,    	1.0,                	
195,   	-0.940289355005,    	-0.060922690482,    	-0.334879612171,    	3.206293646455,     	-0.341477462347,    	1.0,                	
196,   	-0.9174374885,      	-0.214858325523,    	-0.334879612171,    	3.371640628223,     	-0.341477462347,    	1.0,                	
197,   	-0.86956031889,     	-0.362933185538,    	-0.334879612171,    	3.536987609991,     	-0.341477462347,    	1.0,                	
198,   	-0.797963810554,    	-0.501108174347,    	-0.334879612171,    	3.702334591759,     	-0.341477462347,    	1.0,                	
199,   	-0.704600929604,    	-0.625614238452,    	-0.334879612171,    	3.867681573527,     	-0.341477462347,    	1.0,                	
200,   	-0.592018372051,    	-0.733055176986,    	-0.334879612171,    	4.033028555295,     	-0.341477462347,    	1.0,                	
201,   	-0.463287096585,    	-0.820500281225,    	-0.334879612171,    	4.198375537063,     	-0.341477462347,    	1.0,                	
202,   	-0.321918556824,    	-0.885564276676,    	-0.334879612171,    	4.363722518831,     	-0.341477462347,    	1.0,                	
203,   	-0.171768918012,    	-0.926472387153,    	-0.334879612171,    	4.529069500599,     	-0.341477462347,    	1.0,                	
204,   	-0.016933870884,    	-0.942108746042,    	-0.334879612171,    	4.694416482366,     	-0.341477462347,    	1.0,                	
205,   	0.138363088098,     	-0.932046834233,    	-0.334879612171,    	4.859763464134,     	-0.341477462347,    	1.0,                	
206,   	0.289885862722,     	-0.896561114451,    	-0.334879612171,    	5.025110445902,     	-0.341477462347,    	1.0,                	
207,   	0.433501306687,     	-0.836619544627,    	-0.334879612171,    	5.19045742767,      	-0.341477462347,    	1.0,                	
208,   	0.56529196506,      	-0.753857174531,    	-0.334879612171,    	5.355804409438,     	-0.341477462347,    	1.0,                	
209,   	0.681662932231,     	-0.650531545872,    	-0.334879612171,    	5.521151391206,     	-0.341477462347,    	1.0,                	
210,   	0.779439911574,     	-0.52946111245,     	-0.334879612171,    	5.686498372974,     	-0.341477462347,    	1.0,                	
211,   	0.855955801978,     	-0.393948360083,    	-0.334879612171,    	5.851845354742,     	-0.341477462347,    	1.0,                	
212,   	0.909123449414,     	-0.2476897234,      	-0.334879612171,    	6.01719233651,      	-0.341477462347,    	1.0,                	
213,   	0.937492579058,     	-0.094674756742,    	-0.334879612171,    	6.182539318277,     	-0.341477462347,    	1.0,                	
214,   	0.976683114735,     	0.068525499952,     	-0.203456013053,    	0.070046658943,     	-0.204886477408,    	1.0,                	
215,   	0.953043061695,     	0.224309102152,     	-0.203456013053,    	0.231153974512,     	-0.204886477408,    	1.0,                	
216,   	0.904719693967,     	0.37428321643,      	-0.203456013053,    	0.39226129008,      	-0.204886477408,    	1.0,                	
217,   	0.832964561393,     	0.514563592004,     	-0.203456013053,    	0.553368605649,     	-0.204886477408,    	1.0,                	
218,   	0.739636084215,     	0.641517040834,     	-0.203456013053,    	0.714475921218,     	-0.204886477408,    	1.0,                	
219,   	0.627151420968,     	0.751855535279,     	-0.203456013053,    	0.875583236786,     	-0.204886477408,    	1.0,                	
220,   	0.498423865346,     	0.842721366293,     	-0.203456013053,    	1.036690552355,     	-0.204886477408,    	1.0,                	
221,   	0.356787393422,     	0.91176115658,      	-0.203456013053,    	1.197797867924,     	-0.204886477408,    	1.0,                	
222,   	0.20591031542,      	0.957186811838,     	-0.203456013053,    	1.358905183493,     	-0.204886477408,    	1.0,                	
223,   	0.049700268408,     	0.977821831456,     	-0.203456013053,    	1.520012499061,     	-0.204886477408,    	1.0,                	
224,   	-0.10779698945,     	0.973131779266,     	-0.203456013053,    	1.68111981463,      	-0.204886477408,    	1.0,                	
225,   	-0.262502361903,    	0.943238125156,     	-0.203456013053,    	1.842227130199,     	-0.204886477408,    	1.0,                	
226,   	-0.41040906107,     	0.888915099064,     	-0.203456013053,    	2.003334445767,     	-0.204886477408,    	1.0,                	
227,   	-0.547686381133,    	0.811569638832,     	-0.203456013053,    	2.164441761336,     	-0.204886477408,    	1.0,                	
228,   	-0.670778911611,    	0.713204951252,     	-0.203456013053,    	2.325549076905,     	-0.204886477408,    	1.0,                	
229,   	-0.776498620622,    	0.596368630065,     	-0.203456013053,    	2.486656392474,     	-0.204886477408,    	1.0,                	
230,   	-0.862107423235,    	0.464086674616,     	-0.203456013053,    	2.647763708042,     	-0.204886477408,    	1.0,                	
231,   	-0.92538809643,     	0.319785118068,     	-0.203456013053,    	2.808871023611,     	-0.204886477408,    	1.0,                	
232,   	-0.964701704012,    	0.167201294938,     	-0.203456013053,    	2.96997833918,      	-0.204886477408,    	1.0,                	
233,   	-0.979030044194,    	0.010287046096,     	-0.203456013053,    	3.131085654748,     	-0.204886477408,    	1.0,                	
234,   	-0.968002020493,    	-0.146893631837,    	-0.203456013053,    	3.292192970317,     	-0.204886477408,    	1.0,                	
235,   	-0.931903252929,    	-0.300269841864,    	-0.203456013053,    	3.453300285886,     	-0.204886477408,    	1.0,                	
236,   	-0.87166868062,     	-0.445869220712,    	-0.203456013053,    	3.614407601454,     	-0.204886477408,    	1.0,                	
237,   	-0.78885834735,     	-0.579920820948,    	-0.203456013053,    	3.775514917023,     	-0.204886477408,    	1.0,                	
238,   	-0.685616997251,    	-0.69895277654,     	-0.203456013053,    	3.936622232592,     	-0.204886477408,    	1.0,                	
239,   	-0.564618527062,    	-0.799882222362,    	-0.203456013053,    	4.097729548161,     	-0.204886477408,    	1.0,                	
240,   	-0.428996733603,    	-0.880095138784,    	-0.203456013053,    	4.258836863729,     	-0.204886477408,    	1.0,                	
241,   	-0.282264150084,    	-0.937514053404,    	-0.203456013053,    	4.419944179298,     	-0.204886477408,    	1.0,                	
242,   	-0.128221073345,    	-0.970651846494,    	-0.203456013053,    	4.581051494867,     	-0.204886477408,    	1.0,                	
243,   	0.029142861842,     	-0.978650266621,    	-0.203456013053,    	4.742158810435,     	-0.204886477408,    	1.0,                	
244,   	0.185752012216,     	-0.961302158902,    	-0.203456013053,    	4.903266126004,     	-0.204886477408,    	1.0,                	
245,   	0.337550283044,     	-0.919056830218,    	-0.203456013053,    	5.064373441573,     	-0.204886477408,    	1.0,                	
246,   	0.480606178848,     	-0.853008412389,    	-0.203456013053,    	5.225480757142,     	-0.204886477408,    	1.0,                	
247,   	0.611214627071,     	-0.764867524743,    	-0.203456013053,    	5.38658807271,      	-0.204886477408,    	1.0,                	
248,   	0.725992937509,     	-0.656916969974,    	-0.203456013053,    	5.547695388279,     	-0.204886477408,    	1.0,                	
249,   	0.821968412213,     	-0.531952610744,    	-0.203456013053,    	5.708802703848,     	-0.204886477408,    	1.0,                	
250,   	0.8966553368,       	-0.393210958318,    	-0.203456013053,    	5.869910019416,     	-0.204886477408,    	1.0,                	
251,   	0.948119359155,     	-0.244285348616,    	-0.203456013053,    	6.031017334985,     	-0.204886477408,    	1.0,                	
252,   	0.975027588132,     	-0.089032876702,    	-0.203456013053,    	6.192124650554,     	-0.204886477408,    	1.0,                	
253,   	0.994854785542,     	0.074879427765,     	-0.068242413365,    	0.075125041716,     	-0.068295492469,    	1.0,                	
254,   	0.97089274904,      	0.229587113923,     	-0.068242413365,    	0.232204674396,     	-0.068295492469,    	1.0,                	
255,   	0.923024110848,     	0.378641603381,     	-0.068242413365,    	0.389284307075,     	-0.068295492469,    	1.0,                	
256,   	0.852427555706,     	0.518372679923,     	-0.068242413365,    	0.546363939755,     	-0.068295492469,    	1.0,                	
257,   	0.760841405098,     	0.645339700705,     	-0.068242413365,    	0.703443572434,     	-0.068295492469,    	1.0,                	
258,   	0.650520814008,     	0.756416316297,     	-0.068242413365,    	0.860523205114,     	-0.068295492469,    	1.0,                	
259,   	0.524182241523,     	0.848867451779,     	-0.068242413365,    	1.017602837793,     	-0.068295492469,    	1.0,                	
260,   	0.38493656259,      	0.920416653369,     	-0.068242413365,    	1.174682470473,     	-0.068295492469,    	1.0,                	
261,   	0.236212467955,     	0.969302142266,     	-0.068242413365,    	1.331762103152,     	-0.068295492469,    	1.0,                	
262,   	0.081672038415,     	0.99432019549,      	-0.068242413365,    	1.488841735832,     	-0.068295492469,    	1.0,                	
263,   	-0.074879427765,    	0.994854785542,     	-0.068242413365,    	1.645921368511,     	-0.068295492469,    	1.0,                	
264,   	-0.229587113923,    	0.97089274904,      	-0.068242413365,    	1.803001001191,     	-0.068295492469,    	1.0,                	
265,   	-0.378641603381,    	0.923024110848,     	-0.068242413365,    	1.96008063387,      	-0.068295492469,    	1.0,                	
266,   	-0.518372679923,    	0.852427555706,     	-0.068242413365,    	2.11716026655,      	-0.068295492469,    	1.0,                	
267,   	-0.645339700705,    	0.760841405098,     	-0.068242413365,    	2.274239899229,     	-0.068295492469,    	1.0,                	
268,   	-0.756416316297,    	0.650520814008,     	-0.068242413365,    	2.431319531909,     	-0.068295492469,    	1.0,                	
269,   	-0.848867451779,    	0.524182241523,     	-0.068242413365,    	2.588399164588,     	-0.068295492469,    	1.0,                	
270,   	-0.920416653369,    	0.38493656259,      	-0.068242413365,    	2.745478797268,     	-0.068295492469,    	1.0,                	
271,   	-0.969302142266,    	0.236212467955,     	-0.068242413365,    	2.902558429947,     	-0.068295492469,    	1.0,                	
272,   	-0.99432019549,     	0.081672038415,     	-0.068242413365,    	3.059638062627,     	-0.068295492469,    	1.0,                	
273,   	-0.994854785542,    	-0.074879427765,    	-0.068242413365,    	3.216717695306,     	-0.068295492469,    	1.0,                	
274,   	-0.97089274904,     	-0.229587113923,    	-0.068242413365,    	3.373797327986,     	-0.068295492469,    	1.0,                	
275,   	-0.923024110848,    	-0.378641603381,    	-0.068242413365,    	3.530876960665,     	-0.068295492469,    	1.0,                	
276,   	-0.852427555706,    	-0.518372679923,    	-0.068242413365,    	3.687956593345,     	-0.068295492469,    	1.0,                	
277,   	-0.760841405098,    	-0.645339700705,    	-0.068242413365,    	3.845036226024,     	-0.068295492469,    	1.0,                	
278,   	-0.650520814008,    	-0.756416316297,    	-0.068242413365,    	4.002115858704,     	-0.068295492469,    	1.0,                	
279,   	-0.524182241523,    	-0.848867451779,    	-0.068242413365,    	4.159195491383,     	-0.068295492469,    	1.0,                	
280,   	-0.38493656259,     	-0.920416653369,    	-0.068242413365,    	4.316275124062,     	-0.068295492469,    	1.0,                	
281,   	-0.236212467955,    	-0.969302142266,    	-0.068242413365,    	4.473354756742,     	-0.068295492469,    	1.0,                	
282,   	-0.081672038415,    	-0.99432019549,     	-0.068242413365,    	4.630434389421,     	-0.068295492469,    	1.0,                	
283,   	0.074879427765,     	-0.994854785542,    	-0.068242413365,    	4.787514022101,     	-0.068295492469,    	1.0,                	
284,   	0.229587113923,     	-0.97089274904,     	-0.068242413365,    	4.94459365478,      	-0.068295492469,    	1.0,                	
285,   	0.378641603381,     	-0.923024110848,    	-0.068242413365,    	5.10167328746,      	-0.068295492469,    	1.0,                	
286,   	0.518372679923,     	-0.852427555706,    	-0.068242413365,    	5.258752920139,     	-0.068295492469,    	1.0,                	
287,   	0.645339700705,     	-0.760841405098,    	-0.068242413365,    	5.415832552819,     	-0.068295492469,    	1.0,                	
288,   	0.756416316297,     	-0.650520814008,    	-0.068242413365,    	5.572912185498,     	-0.068295492469,    	1.0,                	
289,   	0.848867451779,     	-0.524182241523,    	-0.068242413365,    	5.729991818178,     	-0.068295492469,    	1.0,                	
290,   	0.920416653369,     	-0.38493656259,     	-0.068242413365,    	5.887071450857,     	-0.068295492469,    	1.0,                	
291,   	0.969302142266,     	-0.236212467955,    	-0.068242413365,    	6.044151083537,     	-0.068295492469,    	1.0,                	
292,   	0.99432019549,      	-0.081672038415,    	-0.068242413365,    	6.201230716216,     	-0.068295492469,    	1.0,                	
293,   	0.994854785542,     	0.074879427765,     	0.068242413365,     	0.075125041716,     	0.068295492469,     	1.0,                	
294,   	0.97089274904,      	0.229587113923,     	0.068242413365,     	0.232204674396,     	0.068295492469,     	1.0,                	
295,   	0.923024110848,     	0.378641603381,     	0.068242413365,     	0.389284307075,     	0.068295492469,     	1.0,                	
296,   	0.852427555706,     	0.518372679923,     	0.068242413365,     	0.546363939755,     	0.068295492469,     	1.0,                	
297,   	0.760841405098,     	0.645339700705,     	0.068242413365,     	0.703443572434,     	0.068295492469,     	1.0,                	
298,   	0.650520814008,     	0.756416316297,     	0.068242413365,     	0.860523205114,     	0.068295492469,     	1.0,                	
299,   	0.524182241523,     	0.848867451779,     	0.068242413365,     	1.017602837793,     	0.068295492469,     	1.0,                	
300,   	0.38493656259,      	0.920416653369,     	0.068242413365,     	1.174682470473,     	0.068295492469,     	1.0,                	
301,   	0.236212467955,     	0.969302142266,     	0.068242413365,     	1.331762103152,     	0.068295492469,     	1.0,                	
302,   	0.081672038415,     	0.99432019549,      	0.068242413365,     	1.488841735832,     	0.068295492469,     	1.0,                	
303,   	-0.074879427765,    	0.994854785542,     	0.068242413365,     	1.645921368511,     	0.068295492469,     	1.0,                	
304,   	-0.229587113923,    	0.97089274904,      	0.068242413365,     	1.803001001191,     	0.068295492469,     	1.0,                	
305,   	-0.378641603381,    	0.923024110848,     	0.068242413365,     	1.96008063387,      	0.068295492469,     	1.0,                	
306,   	-0.518372679923,    	0.852427555706,     	0.068242413365,     	2.11716026655,      	0.068295492469,     	1.0,                	
307,   	-0.645339700705,    	0.760841405098,     	0.068242413365,     	2.274239899229,     	0.068295492469,     	1.0,                	
308,   	-0.756416316297,    	0.650520814008,     	0.068242413365,     	2.431319531909,     	0.068295492469,     	1.0,                	
309,   	-0.848867451779,    	0.524182241523,     	0.068242413365,     	2.588399164588,     	0.068295492469,     	1.0,                	
310,   	-0.920416653369,    	0.38493656259,      	0.068242413365,     	2.745478797268,     	0.068295492469,     	1.0,                	
311,   	-0.969302142266,    	0.236212467955,     	0.068242413365,     	2.902558429947,     	0.068295492469,     	1.0,                	
312,   	-0.99432019549,     	0.081672038415,     	0.068242413365,     	3.059638062627,     	0.068295492469,     	1.0,                	
313,   	-0.994854785542,    	-0.074879427765,    	0.068242413365,     	3.216717695306,     	0.068295492469,     	1.0,                	
314,   	-0.97089274904,     	-0.229587113923,    	0.068242413365,     	3.373797327986,     	0.068295492469,     	1.0,                	
315,   	-0.923024110848,    	-0.378641603381,    	0.068242413365,     	3.530876960665,     	0.068295492469,     	1.0,                	
316,   	-0.852427555706,    	-0.518372679923,    	0.068242413365,     	3.687956593345,     	0.068295492469,     	1.0,                	
317,   	-0.760841405098,    	-0.645339700705,    	0.068242413365,     	3.845036226024,     	0.068295492469,     	1.0,                	
318,   	-0.650520814008,    	-0.756416316297,    	0.068242413365,     	4.002115858704,     	0.068295492469,     	1.0,                	
319,   	-0.524182241523,    	-0.848867451779,    	0.068242413365,     	4.159195491383,     	0.068295492469,     	1.0,                	
320,   	-0.38493656259,     	-0.920416653369,    	0.068242413365,     	4.316275124062,     	0.068295492469,     	1.0,                	
321,   	-0.236212467955,    	-0.969302142266,    	0.068242413365,     	4.473354756742,     	0.068295492469,     	1.0,                	
322,   	-0.081672038415,    	-0.99432019549,     	0.068242413365,     	4.630434389421,     	0.068295492469,     	1.0,                	
323,   	0.074879427765,     	-0.994854785542,    	0.068242413365,     	4.787514022101,     	0.068295492469,     	1.0,                	
324,   	0.229587113923,     	-0.97089274904,     	0.068242413365,     	4.94459365478,      	0.068295492469,     	1.0,                	
325,   	0.378641603381,     	-0.923024110848,    	0.068242413365,     	5.10167328746,      	0.068295492469,     	1.0,                	
326,   	0.518372679923,     	-0.852427555706,    	0.068242413365,     	5.258752920139,     	0.068295492469,     	1.0,                	
327,   	0.645339700705,     	-0.760841405098,    	0.068242413365,     	5.415832552819,     	0.068295492469,     	1.0,                	
328,   	0.756416316297,     	-0.650520814008,    	0.068242413365,     	5.572912185498,     	0.068295492469,     	1.0,                	
329,   	0.848867451779,     	-0.524182241523,    	0.068242413365,     	5.729991818178,     	0.068295492469,     	1.0,                	
330,   	0.920416653369,     	-0.38493656259,     	0.068242413365,     	5.887071450857,     	0.068295492469,     	1.0,                	
331,   	0.969302142266,     	-0.236212467955,    	0.068242413365,     	6.044151083537,     	0.068295492469,     	1.0,                	
332,   	0.99432019549,      	-0.081672038415,    	0.068242413365,     	6.201230716216,     	0.068295492469,     	1.0,                	
333,   	0.976683114735,     	0.068525499952,     	0.203456013053,     	0.070046658943,     	0.204886477408,     	1.0,                	
334,   	0.953043061695,     	0.224309102152,     	0.203456013053,     	0.231153974512,     	0.204886477408,     	1.0,                	
335,   	0.904719693967,     	0.37428321643,      	0.203456013053,     	0.39226129008,      	0.204886477408,     	1.0,                	
336,   	0.832964561393,     	0.514563592004,     	0.203456013053,     	0.553368605649,     	0.204886477408,     	1.0,                	
337,   	0.739636084215,     	0.641517040834,     	0.203456013053,     	0.714475921218,     	0.204886477408,     	1.0,                	
338,   	0.627151420968,     	0.751855535279,     	0.203456013053,     	0.875583236786,     	0.204886477408,     	1.0,                	
339,   	0.498423865346,     	0.842721366293,     	0.203456013053,     	1.036690552355,     	0.204886477408,     	1.0,                	
340,   	0.356787393422,     	0.91176115658,      	0.203456013053,     	1.197797867924,     	0.204886477408,     	1.0,                	
341,   	0.20591031542,      	0.957186811838,     	0.203456013053,     	1.358905183493,     	0.204886477408,     	1.0,                	
342,   	0.049700268408,     	0.977821831456,     	0.203456013053,     	1.520012499061,     	0.204886477408,     	1.0,                	
343,   	-0.10779698945,     	0.973131779266,     	0.203456013053,     	1.68111981463,      	0.204886477408,     	1.0,                	
344,   	-0.262502361903,    	0.943238125156,     	0.203456013053,     	1.842227130199,     	0.204886477408,     	1.0,                	
345,   	-0.41040906107,     	0.888915099064,     	0.203456013053,     	2.003334445767,     	0.204886477408,     	1.0,                	
346,   	-0.547686381133,    	0.811569638832,     	0.203456013053,     	2.164441761336,     	0.204886477408,     	1.0,                	
347,   	-0.670778911611,    	0.713204951252,     	0.203456013053,     	2.325549076905,     	0.204886477408,     	1.0,                	
348,   	-0.776498620622,    	0.596368630065,     	0.203456013053,     	2.486656392474,     	0.204886477408,     	1.0,                	
349,   	-0.862107423235,    	0.464086674616,     	0.203456013053,     	2.647763708042,     	0.204886477408,     	1.0,                	
350,   	-0.92538809643,     	0.319785118068,     	0.203456013053,     	2.808871023611,     	0.204886477408,     	1.0,                	
351,   	-0.964701704012,    	0.167201294938,     	0.203456013053,     	2.96997833918,      	0.204886477408,     	1.0,                	
352,   	-0.979030044194,    	0.010287046096,     	0.203456013053,     	3.131085654748,     	0.204886477408,     	1.0,                	
353,   	-0.968002020493,    	-0.146893631837,    	0.203456013053,     	3.292192970317,     	0.204886477408,     	1.0,                	
354,   	-0.931903252929,    	-0.300269841864,    	0.203456013053,     	3.453300285886,     	0.204886477408,     	1.0,                	
355,   	-0.87166868062,     	-0.445869220712,    	0.203456013053,     	3.614407601454,     	0.204886477408,     	1.0,                	
356,   	-0.78885834735,     	-0.579920820948,    	0.203456013053,     	3.775514917023,     	0.204886477408,     	1.0,                	
357,   	-0.685616997251,    	-0.69895277654,     	0.203456013053,     	3.936622232592,     	0.204886477408,     	1.0,                	
358,   	-0.564618527062,    	-0.799882222362,    	0.203456013053,     	4.097729548161,     	0.204886477408,     	1.0,                	
359,   	-0.428996733603,    	-0.880095138784,    	0.203456013053,     	4.258836863729,     	0.204886477408,     	1.0,                	
360,   	-0.282264150084,    	-0.937514053404,    	0.203456013053,     	4.419944179298,     	0.204886477408,     	1.0,                	
361,   	-0.128221073345,    	-0.970651846494,    	0.203456013053,     	4.581051494867,     	0.204886477408,     	1.0,                	
362,   	0.029142861842,     	-0.978650266621,    	0.203456013053,     	4.742158810435,     	0.204886477408,     	1.0,                	
363,   	0.185752012216,     	-0.961302158902,    	0.203456013053,     	4.903266126004,     	0.204886477408,     	1.0,                	
364,   	0.337550283044,     	-0.919056830218,    	0.203456013053,     	5.064373441573,     	0.204886477408,     	1.0,                	
365,   	0.480606178848,     	-0.853008412389,    	0.203456013053,     	5.225480757142,     	0.204886477408,     	1.0,                	
366,   	0.611214627071,     	-0.764867524743,    	0.203456013053,     	5.38658807271,      	0.204886477408,     	1.0,                	
367,   	0.725992937509,     	-0.656916969974,    	0.203456013053,     	5.547695388279,     	0.204886477408,     	1.0,                	
368,   	0.821968412213,     	-0.531952610744,    	0.203456013053,     	5.708802703848,     	0.204886477408,     	1.0,                	
369,   	0.8966553368,       	-0.393210958318,    	0.203456013053,     	5.869910019416,     	0.204886477408,     	1.0,                	
370,   	0.948119359155,     	-0.244285348616,    	0.203456013053,     	6.031017334985,     	0.204886477408,     	1.0,                	
371,   	0.975027588132,     	-0.089032876702,    	0.203456013053,     	6.192124650554,     	0.204886477408,     	1.0,                	
372,   	0.940289355005,     	0.060922690482,     	0.334879612171,     	0.064700992866,     	0.341477462347,     	1.0,                	
373,   	0.9174374885,       	0.214858325523,     	0.334879612171,     	0.230047974634,     	0.341477462347,     	1.0,                	
374,   	0.86956031889,      	0.362933185538,     	0.334879612171,     	0.395394956401,     	0.341477462347,     	1.0,                	
375,   	0.797963810554,     	0.501108174347,     	0.334879612171,     	0.560741938169,     	0.341477462347,     	1.0,                	
376,   	0.704600929604,     	0.625614238452,     	0.334879612171,     	0.726088919937,     	0.341477462347,     	1.0,                	
377,   	0.592018372051,     	0.733055176986,     	0.334879612171,     	0.891435901705,     	0.341477462347,     	1.0,                	
378,   	0.463287096585,     	0.820500281225,     	0.334879612171,     	1.056782883473,     	0.341477462347,     	1.0,                	
379,   	0.321918556824,     	0.885564276676,     	0.334879612171,     	1.222129865241,     	0.341477462347,     	1.0,                	
380,   	0.171768918012,     	0.926472387153,     	0.334879612171,     	1.387476847009,     	0.341477462347,     	1.0,                	
381,   	0.016933870884,     	0.942108746042,     	0.334879612171,     	1.552823828777,     	0.341477462347,     	1.0,                	
382,   	-0.138363088098,    	0.932046834233,     	0.334879612171,     	1.718170810545,     	0.341477462347,     	1.0,                	
383,   	-0.289885862722,    	0.896561114451,     	0.334879612171,     	1.883517792312,     	0.341477462347,     	1.0,                	
384,   	-0.433501306687,    	0.836619544627,     	0.334879612171,     	2.04886477408,      	0.341477462347,     	1.0,                	
385,   	-0.56529196506,     	0.753857174531,     	0.334879612171,     	2.214211755848,     	0.341477462347,     	1.0,                	
386,   	-0.681662932231,    	0.650531545872,     	0.334879612171,     	2.379558737616,     	0.341477462347,     	1.0,                	
387,   	-0.779439911574,    	0.52946111245,      	0.334879612171,     	2.544905719384,     	0.341477462347,     	1.0,                	
388,   	-0.855955801978,    	0.393948360083,     	0.334879612171,     	2.710252701152,     	0.341477462347,     	1.0,                	
389,   	-0.909123449414,    	0.2476897234,       	0.334879612171,     	2.87559968292,      	0.341477462347,     	1.0,                	
390,   	-0.937492579058,    	0.094674756742,     	0.334879612171,     	3.040946664688,     	0.341477462347,     	1.0,                	
391,   	-0.940289355005,    	-0.060922690482,    	0.334879612171,     	3.206293646455,     	0.341477462347,     	1.0,                	
392,   	-0.9174374885,      	-0.214858325523,    	0.334879612171,     	3.371640628223,     	0.341477462347,     	1.0,                	
393,   	-0.86956031889,     	-0.362933185538,    	0.334879612171,     	3.536987609991,     	0.341477462347,     	1.0,                	
394,   	-0.797963810554,    	-0.501108174347,    	0.334879612171,     	3.702334591759,     	0.341477462347,     	1.0,                	
395,   	-0.704600929604,    	-0.625614238452,    	0.334879612171,     	3.867681573527,     	0.341477462347,     	1.0,                	
396,   	-0.592018372051,    	-0.733055176986,    	0.334879612171,     	4.033028555295,     	0.341477462347,     	1.0,                	
397,   	-0.463287096585,    	-0.820500281225,    	0.334879612171,     	4.198375537063,     	0.341477462347,     	1.0,                	
398,   	-0.321918556824,    	-0.885564276676,    	0.334879612171,     	4.363722518831,     	0.341477462347,     	1.0,                	
399,   	-0.171768918012,    	-0.926472387153,    	0.334879612171,     	4.529069500599,     	0.341477462347,     	1.0,                	
400,   	-0.016933870884,    	-0.942108746042,    	0.334879612171,     	4.694416482366,     	0.341477462347,     	1.0,                	
401,   	0.138363088098,     	-0.932046834233,    	0.334879612171,     	4.859763464134,     	0.341477462347,     	1.0,                	
402,   	0.289885862722,     	-0.896561114451,    	0.334879612171,     	5.025110445902,     	0.341477462347,     	1.0,                	
403,   	0.433501306687,     	-0.836619544627,    	0.334879612171,     	5.19045742767,      	0.341477462347,     	1.0,                	
404,   	0.56529196506,      	-0.753857174531,    	0.334879612171,     	5.355804409438,     	0.341477462347,     	1.0,                	
405,   	0.681662932231,     	-0.650531545872,    	0.334879612171,     	5.521151391206,     	0.341477462347,     	1.0,                	
406,   	0.779439911574,     	-0.52946111245,     	0.334879612171,     	5.686498372974,     	0.341477462347,     	1.0,                	
407,   	0.855955801978,     	-0.393948360083,    	0.334879612171,     	5.851845354742,     	0.341477462347,     	1.0,                	
408,   	0.909123449414,     	-0.2476897234,      	0.334879612171,     	6.01719233651,      	0.341477462347,     	1.0,                	
409,   	0.937492579058,     	-0.094674756742,    	0.334879612171,     	6.182539318277,     	0.341477462347,     	1.0,                	
410,   	0.886154869556,     	0.055404947613,     	0.460065037731,     	0.062441593115,     	0.478068447285,     	1.0,                	
411,   	0.862021060835,     	0.212743629129,     	0.460065037731,     	0.24196117332,      	0.478068447285,     	1.0,                	
412,   	0.810181185945,     	0.36324455536,      	0.460065037731,     	0.421480753525,     	0.478068447285,     	1.0,                	
413,   	0.732301421119,     	0.502070502702,     	0.460065037731,     	0.60100033373,      	0.478068447285,     	1.0,                	
414,   	0.63088488608,      	0.624759490983,     	0.460065037731,     	0.780519913935,     	0.478068447285,     	1.0,                	
415,   	0.509191191708,     	0.72736819517,      	0.460065037731,     	0.96003949414,      	0.478068447285,     	1.0,                	
416,   	0.37113167347,      	0.806598687083,     	0.460065037731,     	1.139559074346,     	0.478068447285,     	1.0,                	
417,   	0.221143677879,     	0.859904433522,     	0.460065037731,     	1.319078654551,     	0.478068447285,     	1.0,                	
418,   	0.064047942523,     	0.885572143936,     	0.460065037731,     	1.498598234756,     	0.478068447285,     	1.0,                	
419,   	-0.095106346404,    	0.882776836993,     	0.460065037731,     	1.678117814961,     	0.478068447285,     	1.0,                	
420,   	-0.251203839104,    	0.851608356157,     	0.460065037731,     	1.857637395166,     	0.478068447285,     	1.0,                	
421,   	-0.399227433724,    	0.793068482049,     	0.460065037731,     	2.037156975371,     	0.478068447285,     	1.0,                	
422,   	-0.534419530139,    	0.709038734389,     	0.460065037731,     	2.216676555576,     	0.478068447285,     	1.0,                	
423,   	-0.652434943133,    	0.602219898406,     	0.460065037731,     	2.396196135782,     	0.478068447285,     	1.0,                	
424,   	-0.749480560229,    	0.476045219381,     	0.460065037731,     	2.575715715987,     	0.478068447285,     	1.0,                	
425,   	-0.822437255446,    	0.334570055313,     	0.460065037731,     	2.755235296192,     	0.478068447285,     	1.0,                	
426,   	-0.868960140568,    	0.182341534383,     	0.460065037731,     	2.934754876397,     	0.478068447285,     	1.0,                	
427,   	-0.88755393179,     	0.024252406506,     	0.460065037731,     	3.114274456602,     	0.478068447285,     	1.0,                	
428,   	-0.877621009362,    	-0.134616213671,    	0.460065037731,     	3.293794036807,     	0.478068447285,     	1.0,                	
429,   	-0.839480625585,    	-0.289158157977,    	0.460065037731,     	3.473313617012,     	0.478068447285,     	1.0,                	
430,   	-0.774358643774,    	-0.434406321167,    	0.460065037731,     	3.652833197217,     	0.478068447285,     	1.0,                	
431,   	-0.684348138008,    	-0.565692307763,    	0.460065037731,     	3.832352777423,     	0.478068447285,     	1.0,                	
432,   	-0.572342120003,    	-0.678796478135,    	0.460065037731,     	4.011872357628,     	0.478068447285,     	1.0,                	
433,   	-0.441940555336,    	-0.770083571183,    	0.460065037731,     	4.191391937833,     	0.478068447285,     	1.0,                	
434,   	-0.297334657591,    	-0.836619544627,    	0.460065037731,     	4.370911518038,     	0.478068447285,     	1.0,                	
435,   	-0.143172179303,    	-0.876265877534,    	0.460065037731,     	4.550431098243,     	0.478068447285,     	1.0,                	
436,   	0.01559197063,      	-0.887748304143,    	0.460065037731,     	4.729950678448,     	0.478068447285,     	1.0,                	
437,   	0.173854981798,     	-0.870697769815,    	0.460065037731,     	4.909470258653,     	0.478068447285,     	1.0,                	
438,   	0.326530150803,     	-0.825662292753,    	0.460065037731,     	5.088989838858,     	0.478068447285,     	1.0,                	
439,   	0.468710372091,     	-0.754089350244,    	0.460065037731,     	5.268509419064,     	0.478068447285,     	1.0,                	
440,   	0.595825856364,     	-0.658279355552,    	0.460065037731,     	5.448028999269,     	0.478068447285,     	1.0,                	
441,   	0.703791007366,     	-0.541311720738,    	0.460065037731,     	5.627548579474,     	0.478068447285,     	1.0,                	
442,   	0.78913573631,      	-0.406945881827,    	0.460065037731,     	5.807068159679,     	0.478068447285,     	1.0,                	
443,   	0.849116993386,     	-0.259500467438,    	0.460065037731,     	5.986587739884,     	0.478068447285,     	1.0,                	
444,   	0.881806931639,     	-0.103714494508,    	0.460065037731,     	6.166107320089,     	0.478068447285,     	1.0,                	
445,   	0.815598610963,     	0.047315028066,     	0.576680322115,     	0.05794769058,      	0.614659432224,     	1.0,                	
446,   	0.791905253614,     	0.200813035893,     	0.576680322115,     	0.248347245343,     	0.614659432224,     	1.0,                	
447,   	0.73959037711,      	0.34705313739,      	0.576680322115,     	0.438746800106,     	0.614659432224,     	1.0,                	
448,   	0.660544777393,     	0.480749834263,     	0.576680322115,     	0.629146354869,     	0.614659432224,     	1.0,                	
449,   	0.557625368389,     	0.597070979544,     	0.576680322115,     	0.819545909632,     	0.614659432224,     	1.0,                	
450,   	0.434551925693,     	0.691812423972,     	0.576680322115,     	1.009945464395,     	0.614659432224,     	1.0,                	
451,   	0.295772644188,     	0.761549964898,     	0.576680322115,     	1.200345019158,     	0.614659432224,     	1.0,                	
452,   	0.146303368694,     	0.803763105893,     	0.576680322115,     	1.390744573921,     	0.614659432224,     	1.0,                	
453,   	-0.008453691735,    	0.816926154057,     	0.576680322115,     	1.581144128684,     	0.614659432224,     	1.0,                	
454,   	-0.162905213718,    	0.800563362532,     	0.576680322115,     	1.771543683447,     	0.614659432224,     	1.0,                	
455,   	-0.311468916832,    	0.755266125239,     	0.576680322115,     	1.96194323821,      	0.614659432224,     	1.0,                	
456,   	-0.448775321767,    	0.682671602352,     	0.576680322115,     	2.152342792973,     	0.614659432224,     	1.0,                	
457,   	-0.569861817301,    	0.585403549073,     	0.576680322115,     	2.342742347736,     	0.614659432224,     	1.0,                	
458,   	-0.670352021997,    	0.466977486277,     	0.576680322115,     	2.533141902499,     	0.614659432224,     	1.0,                	
459,   	-0.746613958034,    	0.331673640428,     	0.576680322115,     	2.723541457262,     	0.614659432224,     	1.0,                	
460,   	-0.795891320343,    	0.184382245048,     	0.576680322115,     	2.913941012025,     	0.614659432224,     	1.0,                	
461,   	-0.81640309666,     	0.030426794927,     	0.576680322115,     	3.104340566788,     	0.614659432224,     	1.0,                	
462,   	-0.807407937946,    	-0.124628358838,    	0.576680322115,     	3.294740121551,     	0.614659432224,     	1.0,                	
463,   	-0.769230952675,    	-0.275179118998,    	0.576680322115,     	3.485139676314,     	0.614659432224,     	1.0,                	
464,   	-0.703251956562,    	-0.415784188826,    	0.576680322115,     	3.675539231077,     	0.614659432224,     	1.0,                	
465,   	-0.611855602433,    	-0.541361734755,    	0.576680322115,     	3.86593878584,      	0.614659432224,     	1.0,                	
466,   	-0.498345192659,    	-0.647373057085,    	0.576680322115,     	4.056338340603,     	0.614659432224,     	1.0,                	
467,   	-0.366823289196,    	-0.729986630418,    	0.576680322115,     	4.246737895366,     	0.614659432224,     	1.0,                	
468,   	-0.222043436313,    	-0.786216584966,    	0.576680322115,     	4.437137450129,     	0.614659432224,     	1.0,                	
469,   	-0.069238355113,    	-0.814030623666,    	0.576680322115,     	4.627537004892,     	0.614659432224,     	1.0,                	
470,   	0.08606918064,      	-0.812423474691,    	0.576680322115,     	4.817936559655,     	0.614659432224,     	1.0,                	
471,   	0.238265951953,     	-0.781453224592,    	0.576680322115,     	5.008336114419,     	0.614659432224,     	1.0,                	
472,   	0.381851170967,     	-0.722239218899,    	0.576680322115,     	5.198735669182,     	0.614659432224,     	1.0,                	
473,   	0.511635293759,     	-0.63692160606,     	0.576680322115,     	5.389135223945,     	0.614659432224,     	1.0,                	
474,   	0.622927583981,     	-0.528583986894,    	0.576680322115,     	5.579534778708,     	0.614659432224,     	1.0,                	
475,   	0.711705648296,     	-0.40114196523,     	0.576680322115,     	5.769934333471,     	0.614659432224,     	1.0,                	
476,   	0.774760816151,     	-0.259201627778,    	0.576680322115,     	5.960333888234,     	0.614659432224,     	1.0,                	
477,   	0.80981410949,      	-0.107893068154,    	0.576680322115,     	6.150733442997,     	0.614659432224,     	1.0,                	
478,   	0.729668926629,     	0.041285157072,     	0.682553143219,     	0.056520407561,     	0.751250417163,     	1.0,                	
479,   	0.703734584219,     	0.197177183408,     	0.682553143219,     	0.273181969877,     	0.751250417163,     	1.0,                	
480,   	0.644894394796,     	0.343849423794,     	0.682553143219,     	0.489843532194,     	0.751250417163,     	1.0,                	
481,   	0.55589966022,      	0.474443647285,     	0.682553143219,     	0.70650509451,      	0.751250417163,     	1.0,                	
482,   	0.440911675371,     	0.582853413136,     	0.682553143219,     	0.923166656827,     	0.751250417163,     	1.0,                	
483,   	0.30530715062,      	0.664009601183,     	0.682553143219,     	1.139828219144,     	0.751250417163,     	1.0,                	
484,   	0.15542680283,      	0.714117438272,     	0.682553143219,     	1.35648978146,      	0.751250417163,     	1.0,                	
485,   	-0.001721129516,    	0.730833937633,     	0.682553143219,     	1.573151343777,     	0.751250417163,     	1.0,                	
486,   	-0.158788583758,    	0.713377454333,     	0.682553143219,     	1.789812906093,     	0.751250417163,     	1.0,                	
487,   	-0.308431260305,    	0.662564234131,     	0.682553143219,     	2.00647446841,      	0.751250417163,     	1.0,                	
488,   	-0.443652033916,    	0.580770246728,     	0.682553143219,     	2.223136030726,     	0.751250417163,     	1.0,                	
489,   	-0.558128131506,    	0.471820088068,     	0.682553143219,     	2.439797593043,     	0.751250417163,     	1.0,                	
490,   	-0.646506777981,    	0.34080814648,      	0.682553143219,     	2.656459155359,     	0.751250417163,     	1.0,                	
491,   	-0.704655486058,    	0.193860394744,     	0.682553143219,     	2.873120717676,     	0.751250417163,     	1.0,                	
492,   	-0.729855286776,    	0.03784794641,      	0.682553143219,     	3.089782279992,     	0.751250417163,     	1.0,                	
493,   	-0.72092786546,     	-0.119934229834,    	0.682553143219,     	3.306443842309,     	0.751250417163,     	1.0,                	
494,   	-0.678290658409,    	-0.272108414787,    	0.682553143219,     	3.523105404625,     	0.751250417163,     	1.0,                	
495,   	-0.603937334036,    	-0.411559112692,    	0.682553143219,     	3.739766966942,     	0.751250417163,     	1.0,                	
496,   	-0.501344571152,    	-0.531765763902,    	0.682553143219,     	3.956428529259,     	0.751250417163,     	1.0,                	
497,   	-0.375309493326,    	-0.627107639008,    	0.682553143219,     	4.173090091575,     	0.751250417163,     	1.0,                	
498,   	-0.231725360718,    	-0.693126657893,    	0.682553143219,     	4.389751653892,     	0.751250417163,     	1.0,                	
499,   	-0.077306007787,    	-0.726735844611,    	0.682553143219,     	4.606413216208,     	0.751250417163,     	1.0,                	
500,   	0.080728088149,     	-0.726363670943,    	0.682553143219,     	4.823074778525,     	0.751250417163,     	1.0,                	
501,   	0.234987428405,     	-0.692027539318,    	0.682553143219,     	5.039736340841,     	0.751250417163,     	1.0,                	
502,   	0.378259017679,     	-0.625332969087,    	0.682553143219,     	5.256397903158,     	0.751250417163,     	1.0,                	
503,   	0.503843635691,     	-0.529398524229,    	0.682553143219,     	5.473059465474,     	0.751250417163,     	1.0,                	
504,   	0.60586908528,      	-0.408709992763,    	0.682553143219,     	5.689721027791,     	0.751250417163,     	1.0,                	
505,   	0.679564769817,     	-0.268910636283,    	0.682553143219,     	5.906382590107,     	0.751250417163,     	1.0,                	
506,   	0.721484760999,     	-0.116537317324,    	0.682553143219,     	6.123044152424,     	0.751250417163,     	1.0,                	
507,   	0.630146237094,     	0.034463217357,     	0.775711290704,     	0.054636393975,     	0.887841402101,     	1.0,                	
508,   	0.601778380662,     	0.19009148861,      	0.775711290704,     	0.305963806263,     	0.887841402101,     	1.0,                	
509,   	0.535598575387,     	0.333775612527,     	0.775711290704,     	0.55729121855,      	0.887841402101,     	1.0,                	
510,   	0.435765141826,     	0.456487387167,     	0.775711290704,     	0.808618630837,     	0.887841402101,     	1.0,                	
511,   	0.308550981773,     	0.550516380429,     	0.775711290704,     	1.059946043124,     	0.887841402101,     	1.0,                	
512,   	0.161949428764,     	0.609954404851,     	0.775711290704,     	1.311273455411,     	0.887841402101,     	1.0,                	
513,   	0.005171997537,     	0.63106675076,      	0.775711290704,     	1.562600867699,     	0.887841402101,     	1.0,                	
514,   	-0.151930409317,    	0.612526851818,     	0.775711290704,     	1.813928279986,     	0.887841402101,     	1.0,                	
515,   	-0.299486469792,    	0.555499638061,     	0.775711290704,     	2.065255692273,     	0.887841402101,     	1.0,                	
516,   	-0.428224693935,    	0.463568339059,     	0.775711290704,     	2.31658310456,      	0.887841402101,     	1.0,                	
517,   	-0.530055985659,    	0.342509336429,     	0.775711290704,     	2.567910516847,     	0.887841402101,     	1.0,                	
518,   	-0.598581910394,    	0.19992921253,      	0.775711290704,     	2.819237929134,     	0.887841402101,     	1.0,                	
519,   	-0.629496732269,    	0.044786800919,     	0.775711290704,     	3.070565341422,     	0.887841402101,     	1.0,                	
520,   	-0.620857959328,    	-0.113169730108,    	0.775711290704,     	3.321892753709,     	0.887841402101,     	1.0,                	
521,   	-0.573208397447,    	-0.264015390782,    	0.775711290704,     	3.573220165996,     	0.887841402101,     	1.0,                	
522,   	-0.489542043841,    	-0.398271993474,    	0.775711290704,     	3.824547578283,     	0.887841402101,     	1.0,                	
523,   	-0.375115963211,    	-0.507503702073,    	0.775711290704,     	4.07587499057,      	0.887841402101,     	1.0,                	
524,   	-0.237119967033,    	-0.584847086603,    	0.775711290704,     	4.327202402858,     	0.887841402101,     	1.0,                	
525,   	-0.084224851259,    	-0.625442377765,    	0.775711290704,     	4.578529815145,     	0.887841402101,     	1.0,                	
526,   	0.073962421676,     	-0.626738824115,    	0.775711290704,     	4.829857227432,     	0.887841402101,     	1.0,                	
527,   	0.227502363643,     	-0.588654965163,    	0.775711290704,     	5.081184639719,     	0.887841402101,     	1.0,                	
528,   	0.366747495407,     	-0.513583749827,    	0.775711290704,     	5.332512052006,     	0.887841402101,     	1.0,                	
529,   	0.482948533231,     	-0.406242178661,    	0.775711290704,     	5.583839464294,     	0.887841402101,     	1.0,                	
530,   	0.568804138553,     	-0.273374917356,    	0.775711290704,     	5.835166876581,     	0.887841402101,     	1.0,                	
531,   	0.618919687933,     	-0.12333050459,     	0.775711290704,     	6.086494288868,     	0.887841402101,     	1.0,                	
532,   	0.518880694441,     	0.027024175674,     	0.854419404546,     	0.052034660929,     	1.02443238704,      	1.0,                	
533,   	0.487862765441,     	0.178766336962,     	0.854419404546,     	0.351233961271,     	1.02443238704,      	1.0,                	
534,   	0.413496088781,     	0.314624324707,     	0.854419404546,     	0.650433261613,     	1.02443238704,      	1.0,                	
535,   	0.302388470035,     	0.422526560495,     	0.854419404546,     	0.949632561955,     	1.02443238704,      	1.0,                	
536,   	0.164412308717,     	0.492885457157,     	0.854419404546,     	1.248831862297,     	1.02443238704,      	1.0,                	
537,   	0.011827392258,     	0.519449317958,     	0.854419404546,     	1.548031162638,     	1.02443238704,      	1.0,                	
538,   	-0.141808439908,    	0.499857827292,     	0.854419404546,     	1.84723046298,      	1.02443238704,      	1.0,                	
539,   	-0.282843969871,    	0.435851775082,     	0.854419404546,     	2.146429763322,     	1.02443238704,      	1.0,                	
540,   	-0.398747571871,    	0.333118379952,     	0.854419404546,     	2.445629063664,     	1.02443238704,      	1.0,                	
541,   	-0.479220702235,    	0.200785954897,     	0.854419404546,     	2.744828364006,     	1.02443238704,      	1.0,                	
542,   	-0.51711297018,     	0.050612816614,     	0.854419404546,     	3.044027664348,     	1.02443238704,      	1.0,                	
543,   	-0.509057481412,    	-0.104057492535,    	0.854419404546,     	3.34322696469,      	1.02443238704,      	1.0,                	
544,   	-0.455770001459,    	-0.249481836823,    	0.854419404546,     	3.642426265032,     	1.02443238704,      	1.0,                	
545,   	-0.361985356762,    	-0.372738625077,    	0.854419404546,     	3.941625565374,     	1.02443238704,      	1.0,                	
546,   	-0.23603672457,     	-0.462875950756,    	0.854419404546,     	4.240824865715,     	1.02443238704,      	1.0,                	
547,   	-0.08911519357,     	-0.511884716913,    	0.854419404546,     	4.540024166057,     	1.02443238704,      	1.0,                	
548,   	0.065724613454,     	-0.515410279603,    	0.854419404546,     	4.839223466399,     	1.02443238704,      	1.0,                	
549,   	0.214724500145,     	-0.47313937711,     	0.854419404546,     	5.138422766741,     	1.02443238704,      	1.0,                	
550,   	0.344645172695,     	-0.388827964622,    	0.854419404546,     	5.437622067083,     	1.02443238704,      	1.0,                	
551,   	0.443942609201,     	-0.269967481134,    	0.854419404546,     	5.736821367425,     	1.02443238704,      	1.0,                	
552,   	0.503793796669,     	-0.127119202215,    	0.854419404546,     	6.036020667767,     	1.02443238704,      	1.0,                	
553,   	0.39787857074,      	0.020397826768,     	0.917211301505,     	0.051221619352,     	1.161023371979,     	1.0,                	
554,   	0.359785957571,     	0.171106671774,     	0.917211301505,     	0.443920701051,     	1.161023371979,     	1.0,                	
555,   	0.266919193829,     	0.295766077088,     	0.917211301505,     	0.836619782749,     	1.161023371979,     	1.0,                	
556,   	0.133416402456,     	0.375397778292,     	0.917211301505,     	1.229318864448,     	1.161023371979,     	1.0,                	
557,   	-0.020397826768,    	0.39787857074,      	0.917211301505,     	1.622017946147,     	1.161023371979,     	1.0,                	
558,   	-0.171106671774,    	0.359785957571,     	0.917211301505,     	2.014717027846,     	1.161023371979,     	1.0,                	
559,   	-0.295766077088,    	0.266919193829,     	0.917211301505,     	2.407416109544,     	1.161023371979,     	1.0,                	
560,   	-0.375397778292,    	0.133416402456,     	0.917211301505,     	2.800115191243,     	1.161023371979,     	1.0,                	
561,   	-0.39787857074,     	-0.020397826768,    	0.917211301505,     	3.192814272942,     	1.161023371979,     	1.0,                	
562,   	-0.359785957571,    	-0.171106671774,    	0.917211301505,     	3.585513354641,     	1.161023371979,     	1.0,                	
563,   	-0.266919193829,    	-0.295766077088,    	0.917211301505,     	3.978212436339,     	1.161023371979,     	1.0,                	
564,   	-0.133416402456,    	-0.375397778292,    	0.917211301505,     	4.370911518038,     	1.161023371979,     	1.0,                	
565,   	0.020397826768,     	-0.39787857074,     	0.917211301505,     	4.763610599737,     	1.161023371979,     	1.0,                	
566,   	0.171106671774,     	-0.359785957571,    	0.917211301505,     	5.156309681435,     	1.161023371979,     	1.0,                	
567,   	0.295766077088,     	-0.266919193829,    	0.917211301505,     	5.549008763134,     	1.161023371979,     	1.0,                	
568,   	0.375397778292,     	-0.133416402456,    	0.917211301505,     	5.941707844833,     	1.161023371979,     	1.0,                	
569,   	0.269464037947,     	0.013395147639,     	0.962917287348,     	0.049669449069,     	1.297614356918,     	1.0,                	
570,   	0.219445610324,     	0.156951973024,     	0.962917287348,     	0.620868113358,     	1.297614356918,     	1.0,                	
571,   	0.099754751952,     	0.250677655944,     	0.962917287348,     	1.192066777647,     	1.297614356918,     	1.0,                	
572,   	-0.051607535331,    	0.264814954305,     	0.962917287348,     	1.763265441936,     	1.297614356918,     	1.0,                	
573,   	-0.186584794788,    	0.194875375768,     	0.962917287348,     	2.334464106225,     	1.297614356918,     	1.0,                	
574,   	-0.262322700245,    	0.063064242347,     	0.962917287348,     	2.905662770514,     	1.297614356918,     	1.0,                	
575,   	-0.254775001858,    	-0.088769342428,    	0.962917287348,     	3.476861434803,     	1.297614356918,     	1.0,                	
576,   	-0.166338040535,    	-0.212419288196,    	0.962917287348,     	4.048060099092,     	1.297614356918,     	1.0,                	
577,   	-0.025089926631,    	-0.268627610845,    	0.962917287348,     	4.619258763381,     	1.297614356918,     	1.0,                	
578,   	0.124124061702,     	-0.239548565083,    	0.962917287348,     	5.19045742767,      	1.297614356918,     	1.0,                	
579,   	0.233929537463,     	-0.134414542476,    	0.962917287348,     	5.761656091959,     	1.297614356918,     	1.0,                	
580,   	0.135963461697,     	0.007435953842,     	0.990685946036,     	0.054636393975,     	1.434205341856,     	1.0,                	
581,   	0.034943007922,     	0.131606772331,     	0.990685946036,     	1.311273455411,     	1.434205341856,     	1.0,                	
582,   	-0.114367495132,    	0.073901504608,     	0.990685946036,     	2.567910516847,     	1.434205341856,     	1.0,                	
583,   	-0.105626007121,    	-0.085933130664,    	0.990685946036,     	3.824547578283,     	1.434205341856,     	1.0,                	
584,   	0.049087032635,     	-0.127011100118,    	0.990685946036,     	5.081184639719,     	1.434205341856,     	1.0,                	
585,   	0.0,                	0.0,                	1.0,                	0.0,                	1.570796326795,     	1.0,                	
586,   	0.0,                	0.0,                	-1.0,               	0.0,                	-1.570796326795,    	1.0,                	
