number	direction_ind	# of covercap	
0	26	2	
1	39	2	
2	40	2	
3	117	3	
4	130	2	
5	160	2	
6	188	2	
7	190	2	
8	240	2	
9	271	2	
10	301	2	
11	389	2	
12	440	2	
13	485	2	
14	495	2	
15	507	2	
16	534	2	
17	549	2	
18	566	2	
19	598	2	
20	616	2	
21	676	2	
22	677	2	
23	682	2	
24	686	2	
25	687	2	
26	692	2	
27	744	2	
28	756	2	
29	757	3	
30	761	2	
31	780	2	
32	781	2	
33	784	2	
34	788	2	
35	838	2	
36	874	2	
37	915	2	
38	923	2	
39	924	2	
40	925	2	
41	926	2	
42	932	2	
43	962	2	
44	966	2	
45	967	2	
46	970	2	
47	1002	2	
48	1014	2	
49	1015	2	
50	1053	2	
51	1057	2	
52	1071	2	
53	1094	2	
54	1099	2	
55	1103	2	
56	1104	2	
57	1105	2	
58	1108	2	
59	1149	2	
60	1156	2	
61	1172	2	
62	1180	2	
63	1184	2	
64	1196	2	
65	1200	2	
66	1203	2	
67	1227	2	
68	1245	2	
69	1248	2	
70	1250	2	
71	1289	2	
72	1290	2	
73	1291	2	
74	1344	2	
75	1348	2	
76	1349	2	
77	1350	2	
78	1361	2	
79	1390	2	
80	1468	2	
81	1486	2	
82	1487	2	
83	1504	2	
84	1542	2	
85	1552	2	
86	1553	2	
87	1554	2	
88	1577	2	
89	1582	2	
90	1593	2	
91	1602	2	
92	1657	2	
93	1677	2	
94	1680	2	
95	1683	2	
96	1684	2	
97	1686	2	
98	1690	2	
99	1696	2	
100	1700	2	
101	1703	2	
102	1704	2	
103	1707	2	
104	1715	2	
105	1737	2	
106	1743	2	
107	1744	3	
108	1747	2	
109	1751	2	
110	1767	2	
111	1768	2	
112	1771	2	
113	1772	2	
114	1775	2	
115	1777	2	
116	1778	2	
117	1779	2	
118	1785	2	
119	1788	2	
120	1791	2	
121	1799	2	
122	1805	2	
123	1856	2	
124	1865	2	
125	1892	2	
126	1894	2	
127	1905	2	
128	1919	2	
129	2053	2	
130	2129	2	
131	2134	2	
132	2169	2	
133	2170	2	
134	2171	2	
135	2172	2	
136	2191	2	
137	2198	2	
138	2202	2	
139	2203	2	
140	2228	2	
141	2229	2	
142	2252	2	
143	2254	2	
144	2311	2	
145	2313	2	
146	2343	2	
147	2411	2	
148	2435	2	
149	2485	2	
150	2510	2	
151	2516	2	
152	2517	2	
153	2520	2	
154	2521	2	
155	2523	2	
156	2527	2	
157	2533	2	
158	2549	2	
159	2551	2	
160	2553	2	
161	2583	2	
162	2611	2	
163	2639	2	
164	2664	2	
165	2673	2	
166	2713	2	
167	2735	2	
168	2739	2	
169	2769	2	
170	2771	2	
171	2773	2	
172	2779	2	
173	2783	2	
174	2786	2	
175	2789	2	
176	2792	2	
177	2853	2	
178	2856	2	
179	2860	2	
180	2863	2	
181	2874	2	
182	2875	3	
183	2881	2	
184	2886	2	
185	2893	2	
186	2897	2	
187	2900	2	
188	2901	2	
189	2904	2	
190	2907	2	
191	2910	2	
192	2917	2	
193	2940	2	
194	2972	2	
195	2975	2	
196	2979	2	
197	2985	3	
198	2986	2	
199	2987	2	
200	2988	2	
201	3000	2	
202	3005	2	
203	3011	2	
204	3034	2	
205	3056	2	
206	3139	2	
207	3166	2	
208	3168	2	
209	3248	2	
210	3256	2	
211	3258	2	
212	3267	2	
213	3276	2	
214	3282	2	
215	3284	2	
216	3295	2	
217	3304	2	
218	3317	2	
219	3318	2	
220	3335	2	
221	3339	2	
222	3342	2	
223	3373	2	
224	3379	2	
225	3404	2	
226	3410	2	
227	3412	2	
228	3417	2	
229	3420	2	
230	3424	2	
231	3428	2	
232	3432	2	
233	3433	2	
234	3464	2	
235	3473	2	
236	3496	2	
237	3507	2	
238	3530	2	
239	3534	2	
240	3536	2	
241	3537	2	
242	3540	2	
243	3541	2	
244	3544	3	
245	3545	2	
246	3549	2	
247	3550	2	
248	3551	2	
249	3552	2	
250	3553	2	
251	3554	3	
252	3564	2	
253	3566	2	
254	3567	2	
255	3577	2	
256	3580	2	
257	3581	2	
258	3587	3	
259	3588	2	
260	3607	2	
261	3611	2	
262	3624	2	
263	3628	2	
264	3675	2	
265	3679	2	
266	3683	2	
267	3690	2	
268	3693	2	
269	3751	2	
270	3764	2	
271	3794	2	
272	3805	2	
273	3807	2	
274	3809	4	
275	3810	5	
276	3811	3	
277	3817	3	
278	3818	2	
279	3867	2	
280	3870	2	
281	3922	2	
282	3929	2	
283	3930	2	
284	3936	2	
285	3940	3	
286	3941	5	
287	3942	6	
288	3943	8	
289	3948	2	
290	3949	2	
291	3951	2	
292	3955	2	
293	3956	2	
294	3962	2	
295	4004	2	
296	4015	2	
297	4066	3	
298	4068	5	
299	4069	5	
300	4070	5	
301	4072	4	
302	4073	2	
303	4074	3	
304	4078	2	
305	4082	2	
306	4085	2	
307	4096	2	
308	4099	2	
309	4130	10	
310	4131	11	
311	4132	5	
312	4137	3	
313	4192	2	
314	4196	3	
315	4197	5	
316	4198	5	
317	4199	3	
318	4200	4	
319	4202	9	
320	4203	7	
321	4204	7	
322	4205	7	
323	4206	8	
324	4207	7	
325	4208	8	
326	4209	6	
327	4210	4	
328	4211	3	
329	4212	4	
330	4213	3	
331	4214	4	
332	4215	4	
333	4219	5	
334	4220	4	
335	4221	5	
336	4222	3	
337	4224	2	
338	4230	2	
339	4280	3	
340	4281	5	
341	4282	9	
342	4283	4	
343	4284	3	
344	4288	2	
345	4289	2	
346	4290	2	
347	4291	2	
348	4299	2	
349	4300	2	
350	4301	2	
351	4320	2	
352	4322	2	
353	4323	2	
354	4325	2	
355	4328	2	
356	4338	2	
357	4344	2	
358	4361	2	
359	4363	2	
360	4366	2	
361	4367	2	
362	4368	2	
363	4369	2	
364	4373	2	
365	4374	2	
366	4375	3	
367	4376	2	
368	4378	2	
369	4379	2	
370	4380	4	
371	4381	4	
372	4382	4	
373	4383	4	
374	4384	4	
375	4385	3	
376	4386	3	
377	4387	7	
378	4388	10	
379	4389	10	
380	4390	8	
381	4391	6	
382	4392	10	
383	4393	10	
384	4394	8	
385	4395	6	
386	4396	10	
387	4397	4	
388	4398	4	
389	4399	2	
390	4400	3	
391	4401	4	
392	4402	5	
393	4403	3	
394	4404	3	
395	4405	4	
396	4406	2	
397	4408	2	
398	4409	2	
399	4410	4	
400	4411	3	
401	4412	3	
402	4413	4	
403	4416	2	
404	4417	2	
405	4419	2	
406	4423	2	
407	4425	2	
408	4426	2	
409	4431	2	
410	4436	2	
411	4439	2	
412	4451	2	
413	4459	2	
414	4465	2	
415	4471	2	
416	4478	2	
417	4479	3	
418	4488	2	
419	4490	2	
420	4491	2	
