Point's Coordinates for twisted_polar_coordinates_24

num,   	x,,                 	y,,                 	z,,                 	theta,,             	phi,,               	norm,               	

1,     	0.13034731061,      	0.006831213085,     	-0.991444861374,    	0.05235987756,      	-1.439896632895,    	1.0,                	
2,     	0.033782664431,     	0.126078620073,     	-0.991444861374,    	1.308996938996,     	-1.439896632895,    	1.0,                	
3,     	-0.109468475761,    	0.071089659375,     	-0.991444861374,    	2.565634000432,     	-1.439896632895,    	1.0,                	
4,     	-0.101437903148,    	-0.08214279433,     	-0.991444861374,    	3.822271061868,     	-1.439896632895,    	1.0,                	
5,     	0.046776403868,     	-0.121856698202,    	-0.991444861374,    	5.078908123303,     	-1.439896632895,    	1.0,                	
6,     	0.258525890911,     	0.012315106018,     	-0.965925826289,    	0.047599888691,     	-1.308996938996,    	1.0,                	
7,     	0.210827770073,     	0.15012977544,      	-0.965925826289,    	0.61879855298,      	-1.308996938996,    	1.0,                	
8,     	0.096193321874,     	0.240279301927,     	-0.965925826289,    	1.189997217269,     	-1.308996938996,    	1.0,                	
9,     	-0.04898182635,     	0.254141847784,     	-0.965925826289,    	1.761195881558,     	-1.308996938996,    	1.0,                	
10,    	-0.178605590797,    	0.187316152651,     	-0.965925826289,    	2.332394545847,     	-1.308996938996,    	1.0,                	
11,    	-0.251523342133,    	0.061018902563,     	-0.965925826289,    	2.903593210136,     	-1.308996938996,    	1.0,                	
12,    	-0.244584209521,    	-0.084651417949,    	-0.965925826289,    	3.474791874425,     	-1.308996938996,    	1.0,                	
13,    	-0.159991318535,    	-0.203445511381,    	-0.965925826289,    	4.045990538714,     	-1.308996938996,    	1.0,                	
14,    	-0.024602314359,    	-0.257647092427,    	-0.965925826289,    	4.617189203003,     	-1.308996938996,    	1.0,                	
15,    	0.118597750794,     	-0.230047542074,    	-0.965925826289,    	5.188387867292,     	-1.308996938996,    	1.0,                	
16,    	0.224143868042,     	-0.129409522551,    	-0.965925826289,    	5.759586531581,     	-1.308996938996,    	1.0,                	
17,    	0.382222473411,     	0.01877738603,      	-0.923879532511,    	0.049087385212,     	-1.178097245096,    	1.0,                	
18,    	0.345941725514,     	0.163618250679,     	-0.923879532511,    	0.441786466911,     	-1.178097245096,    	1.0,                	
19,    	0.256994485876,     	0.283549719866,     	-0.923879532511,    	0.83448554861,      	-1.178097245096,    	1.0,                	
20,    	0.128922165425,     	0.360313314587,     	-0.923879532511,    	1.227184630309,     	-1.178097245096,    	1.0,                	
21,    	-0.01877738603,     	0.382222473411,     	-0.923879532511,    	1.619883712007,     	-1.178097245096,    	1.0,                	
22,    	-0.163618250679,    	0.345941725514,     	-0.923879532511,    	2.012582793706,     	-1.178097245096,    	1.0,                	
23,    	-0.283549719866,    	0.256994485876,     	-0.923879532511,    	2.405281875405,     	-1.178097245096,    	1.0,                	
24,    	-0.360313314587,    	0.128922165425,     	-0.923879532511,    	2.797980957103,     	-1.178097245096,    	1.0,                	
25,    	-0.382222473411,    	-0.01877738603,     	-0.923879532511,    	3.190680038802,     	-1.178097245096,    	1.0,                	
26,    	-0.345941725514,    	-0.163618250679,    	-0.923879532511,    	3.583379120501,     	-1.178097245096,    	1.0,                	
27,    	-0.256994485876,    	-0.283549719866,    	-0.923879532511,    	3.9760782022,       	-1.178097245096,    	1.0,                	
28,    	-0.128922165425,    	-0.360313314587,    	-0.923879532511,    	4.368777283898,     	-1.178097245096,    	1.0,                	
29,    	0.01877738603,      	-0.382222473411,    	-0.923879532511,    	4.761476365597,     	-1.178097245096,    	1.0,                	
30,    	0.163618250679,     	-0.345941725514,    	-0.923879532511,    	5.154175447296,     	-1.178097245096,    	1.0,                	
31,    	0.283549719866,     	-0.256994485876,    	-0.923879532511,    	5.546874528994,     	-1.178097245096,    	1.0,                	
32,    	0.360313314587,     	-0.128922165425,    	-0.923879532511,    	5.939573610693,     	-1.178097245096,    	1.0,                	
33,    	0.499378460609,     	0.02492294283,      	-0.866025403784,    	0.049866550057,     	-1.047197551197,    	1.0,                	
34,    	0.469846310393,     	0.171010071663,     	-0.866025403784,    	0.349065850399,     	-1.047197551197,    	1.0,                	
35,    	0.398566253611,     	0.301902205163,     	-0.866025403784,    	0.648265150741,     	-1.047197551197,    	1.0,                	
36,    	0.291871836117,     	0.405969002858,     	-0.866025403784,    	0.947464451083,     	-1.047197551197,    	1.0,                	
37,    	0.159243325126,     	0.473963673084,     	-0.866025403784,    	1.246663751425,     	-1.047197551197,    	1.0,                	
38,    	0.012465345869,     	0.499844591,        	-0.866025403784,    	1.545863051766,     	-1.047197551197,    	1.0,                	
39,    	-0.135420234072,    	0.481312123475,     	-0.866025403784,    	1.845062352108,     	-1.047197551197,    	1.0,                	
40,    	-0.271273131933,    	0.420012961575,     	-0.866025403784,    	2.14426165245,      	-1.047197551197,    	1.0,                	
41,    	-0.383022221559,    	0.321393804843,     	-0.866025403784,    	2.443460952792,     	-1.047197551197,    	1.0,                	
42,    	-0.460738105935,    	0.194217398137,     	-0.866025403784,    	2.742660253134,     	-1.047197551197,    	1.0,                	
43,    	-0.497515387683,    	0.049783923298,     	-0.866025403784,    	3.041859553476,     	-1.047197551197,    	1.0,                	
44,    	-0.490086243924,    	-0.0990730716,      	-0.866025403784,    	3.341058853818,     	-1.047197551197,    	1.0,                	
45,    	-0.439110786685,    	-0.239126989311,    	-0.866025403784,    	3.64025815416,      	-1.047197551197,    	1.0,                	
46,    	-0.349118409043,    	-0.35793342463,     	-0.866025403784,    	3.939457454501,     	-1.047197551197,    	1.0,                	
47,    	-0.228105328677,    	-0.444935904406,    	-0.866025403784,    	4.238656754843,     	-1.047197551197,    	1.0,                	
48,    	-0.086824088833,    	-0.492403876506,    	-0.866025403784,    	4.537856055185,     	-1.047197551197,    	1.0,                	
49,    	0.062171852324,     	-0.4961196033,      	-0.866025403784,    	4.837055355527,     	-1.047197551197,    	1.0,                	
50,    	0.205643551565,     	-0.455752926156,    	-0.866025403784,    	5.136254655869,     	-1.047197551197,    	1.0,                	
51,    	0.330842918798,     	-0.374890601484,    	-0.866025403784,    	5.435453956211,     	-1.047197551197,    	1.0,                	
52,    	0.426645440816,     	-0.26071760169,     	-0.866025403784,    	5.734653256553,     	-1.047197551197,    	1.0,                	
53,    	0.484538643115,     	-0.123378698845,    	-0.866025403784,    	6.033852556895,     	-1.047197551197,    	1.0,                	
54,    	0.607927142628,     	0.031860111511,     	-0.793353340291,    	0.05235987756,      	-0.916297857297,    	1.0,                	
55,    	0.580904706005,     	0.182044500026,     	-0.793353340291,    	0.303687289847,     	-0.916297857297,    	1.0,                	
56,    	0.517381890287,     	0.320790363091,     	-0.793353340291,    	0.555014702134,     	-0.916297857297,    	1.0,                	
57,    	0.421350067604,     	0.439379787859,     	-0.793353340291,    	0.806342114421,     	-0.916297857297,    	1.0,                	
58,    	0.298843270556,     	0.53036136463,      	-0.793353340291,    	1.057669526709,     	-0.916297857297,    	1.0,                	
59,    	0.157559051751,     	0.588018386328,     	-0.793353340291,    	1.308996938996,     	-0.916297857297,    	1.0,                	
60,    	0.006374818263,     	0.608728050233,     	-0.793353340291,    	1.560324351283,     	-0.916297857297,    	1.0,                	
61,    	-0.145209968502,    	0.591189091997,     	-0.793353340291,    	1.81165176357,      	-0.916297857297,    	1.0,                	
62,    	-0.287670678901,    	0.536503548869,     	-0.793353340291,    	2.062979175857,     	-0.916297857297,    	1.0,                	
63,    	-0.412055982566,    	0.448107514644,     	-0.793353340291,    	2.314306588144,     	-0.916297857297,    	1.0,                	
64,    	-0.51055029341,     	0.33155523725,      	-0.793353340291,    	2.565634000432,     	-0.916297857297,    	1.0,                	
65,    	-0.576964851647,    	0.194170124924,     	-0.793353340291,    	2.816961412719,     	-0.916297857297,    	1.0,                	
66,    	-0.607126586326,    	0.044584589541,     	-0.793353340291,    	3.068288825006,     	-0.916297857297,    	1.0,                	
67,    	-0.599140324731,    	-0.107802359573,    	-0.793353340291,    	3.319616237293,     	-0.916297857297,    	1.0,                	
68,    	-0.55350787305,     	-0.253415689965,    	-0.793353340291,    	3.57094364958,      	-0.916297857297,    	1.0,                	
69,    	-0.473096486045,    	-0.38310598056,     	-0.793353340291,    	3.822271061868,     	-0.916297857297,    	1.0,                	
70,    	-0.362958706895,    	-0.488724313431,    	-0.793353340291,    	4.073598474155,     	-0.916297857297,    	1.0,                	
71,    	-0.230014897321,    	-0.563634300286,    	-0.793353340291,    	4.324925886442,     	-0.916297857297,    	1.0,                	
72,    	-0.082618405814,    	-0.603129071153,    	-0.793353340291,    	4.576253298729,     	-0.916297857297,    	1.0,                	
73,    	0.06996930398,      	-0.604727024325,    	-0.793353340291,    	4.827580711016,     	-0.916297857297,    	1.0,                	
74,    	0.218160585076,     	-0.568327754529,    	-0.793353340291,    	5.078908123303,     	-0.916297857297,    	1.0,                	
75,    	0.352644034273,     	-0.496218361752,    	-0.793353340291,    	5.330235535591,     	-0.916297857297,    	1.0,                	
76,    	0.464969561863,     	-0.392929744343,    	-0.793353340291,    	5.581562947878,     	-0.916297857297,    	1.0,                	
77,    	0.548079341842,     	-0.264951906003,    	-0.793353340291,    	5.832890360165,     	-0.916297857297,    	1.0,                	
78,    	0.596751281079,     	-0.120326164983,    	-0.793353340291,    	6.084217772452,     	-0.916297857297,    	1.0,                	
79,    	0.706069748175,     	0.038281989387,     	-0.707106781187,    	0.054165390579,     	-0.785398163397,    	1.0,                	
80,    	0.681332733723,     	0.189171102334,     	-0.707106781187,    	0.270826952896,     	-0.785398163397,    	1.0,                	
81,    	0.624737357888,     	0.331214784784,     	-0.707106781187,    	0.487488515212,     	-0.785398163397,    	1.0,                	
82,    	0.538929957544,     	0.457771232016,     	-0.707106781187,    	0.704150077529,     	-0.785398163397,    	1.0,                	
83,    	0.427922791363,     	0.562922805216,     	-0.707106781187,    	0.920811639845,     	-0.785398163397,    	1.0,                	
84,    	0.29690643106,      	0.641752733688,     	-0.707106781187,    	1.137473202162,     	-0.785398163397,    	1.0,                	
85,    	0.152007056028,     	0.690575017589,     	-0.707106781187,    	1.354134764478,     	-0.785398163397,    	1.0,                	
86,    	0.0,                	0.707106781187,     	-0.707106781187,    	1.570796326795,     	-0.785398163397,    	1.0,                	
87,    	-0.152007056028,    	0.690575017589,     	-0.707106781187,    	1.787457889111,     	-0.785398163397,    	1.0,                	
88,    	-0.29690643106,     	0.641752733688,     	-0.707106781187,    	2.004119451428,     	-0.785398163397,    	1.0,                	
89,    	-0.427922791363,    	0.562922805216,     	-0.707106781187,    	2.220781013745,     	-0.785398163397,    	1.0,                	
90,    	-0.538929957544,    	0.457771232016,     	-0.707106781187,    	2.437442576061,     	-0.785398163397,    	1.0,                	
91,    	-0.624737357888,    	0.331214784784,     	-0.707106781187,    	2.654104138378,     	-0.785398163397,    	1.0,                	
92,    	-0.681332733723,    	0.189171102334,     	-0.707106781187,    	2.870765700694,     	-0.785398163397,    	1.0,                	
93,    	-0.706069748175,    	0.038281989387,     	-0.707106781187,    	3.087427263011,     	-0.785398163397,    	1.0,                	
94,    	-0.697791725944,    	-0.114397146836,    	-0.707106781187,    	3.304088825327,     	-0.785398163397,    	1.0,                	
95,    	-0.656885738147,    	-0.261727199617,    	-0.707106781187,    	3.520750387644,     	-0.785398163397,    	1.0,                	
96,    	-0.58526450331,     	-0.396819179432,    	-0.707106781187,    	3.73741194996,      	-0.785398163397,    	1.0,                	
97,    	-0.486276950774,    	-0.51335633545,     	-0.707106781187,    	3.954073512277,     	-0.785398163397,    	1.0,                	
98,    	-0.364551628477,    	-0.605889519776,    	-0.707106781187,    	4.170735074593,     	-0.785398163397,    	1.0,                	
99,    	-0.225780277202,    	-0.670091983556,    	-0.707106781187,    	4.38739663691,      	-0.785398163397,    	1.0,                	
100,   	-0.076451691103,    	-0.702961690939,    	-0.707106781187,    	4.604058199226,     	-0.785398163397,    	1.0,                	
101,   	0.076451691103,     	-0.702961690939,    	-0.707106781187,    	4.820719761543,     	-0.785398163397,    	1.0,                	
102,   	0.225780277202,     	-0.670091983556,    	-0.707106781187,    	5.037381323859,     	-0.785398163397,    	1.0,                	
103,   	0.364551628477,     	-0.605889519776,    	-0.707106781187,    	5.254042886176,     	-0.785398163397,    	1.0,                	
104,   	0.486276950774,     	-0.51335633545,     	-0.707106781187,    	5.470704448493,     	-0.785398163397,    	1.0,                	
105,   	0.58526450331,      	-0.396819179432,    	-0.707106781187,    	5.687366010809,     	-0.785398163397,    	1.0,                	
106,   	0.656885738147,     	-0.261727199617,    	-0.707106781187,    	5.904027573126,     	-0.785398163397,    	1.0,                	
107,   	0.697791725944,     	-0.114397146836,    	-0.707106781187,    	6.120689135442,     	-0.785398163397,    	1.0,                	
108,   	0.792130328911,     	0.044034810898,     	-0.608761429009,    	0.055533203473,     	-0.654498469498,    	1.0,                	
109,   	0.769481859172,     	0.193150694941,     	-0.608761429009,    	0.245932758236,     	-0.654498469498,    	1.0,                	
110,   	0.719022310177,     	0.33528560962,      	-0.608761429009,    	0.436332312999,     	-0.654498469498,    	1.0,                	
111,   	0.642575421499,     	0.465302428789,     	-0.608761429009,    	0.626731867762,     	-0.654498469498,    	1.0,                	
112,   	0.542904182873,     	0.578502005848,     	-0.608761429009,    	0.817131422525,     	-0.654498469498,    	1.0,                	
113,   	0.423610972555,     	0.670793013143,     	-0.608761429009,    	1.007530977288,     	-0.654498469498,    	1.0,                	
114,   	0.289007357982,     	0.73883981321,      	-0.608761429009,    	1.197930532051,     	-0.654498469498,    	1.0,                	
115,   	0.143958264489,     	0.780183017398,     	-0.608761429009,    	1.388330086814,     	-0.654498469498,    	1.0,                	
116,   	-0.006293855761,    	0.793328374591,     	-0.608761429009,    	1.578729641577,     	-0.654498469498,    	1.0,                	
117,   	-0.156318499666,    	0.777800777329,     	-0.608761429009,    	1.76912919634,      	-0.654498469498,    	1.0,                	
118,   	-0.300693385709,    	0.734161433434,     	-0.608761429009,    	1.959528751103,     	-0.654498469498,    	1.0,                	
119,   	-0.434200429344,    	0.663987582496,     	-0.608761429009,    	2.149928305866,     	-0.654498469498,    	1.0,                	
120,   	-0.552014338164,    	0.569815490324,     	-0.608761429009,    	2.340327860629,     	-0.654498469498,    	1.0,                	
121,   	-0.649877010543,    	0.455048781691,     	-0.608761429009,    	2.530727415392,     	-0.654498469498,    	1.0,                	
122,   	-0.724251434523,    	0.323835424471,     	-0.608761429009,    	2.721126970155,     	-0.654498469498,    	1.0,                	
123,   	-0.772449524641,    	0.180917811265,     	-0.608761429009,    	2.911526524918,     	-0.654498469498,    	1.0,                	
124,   	-0.792729276341,    	0.031461356983,     	-0.608761429009,    	3.101926079681,     	-0.654498469498,    	1.0,                	
125,   	-0.784357726558,    	-0.119132192712,    	-0.608761429009,    	3.292325634444,     	-0.654498469498,    	1.0,                	
126,   	-0.747637444913,    	-0.265419994567,    	-0.608761429009,    	3.482725189207,     	-0.654498469498,    	1.0,                	
127,   	-0.683895598058,    	-0.402114826272,    	-0.608761429009,    	3.67312474397,      	-0.654498469498,    	1.0,                	
128,   	-0.595435982417,    	-0.524276180457,    	-0.608761429009,    	3.863524298733,     	-0.654498469498,    	1.0,                	
129,   	-0.485455758978,    	-0.627488827491,    	-0.608761429009,    	4.053923853496,     	-0.654498469498,    	1.0,                	
130,   	-0.357929899567,    	-0.708022393394,    	-0.608761429009,    	4.244323408259,     	-0.654498469498,    	1.0,                	
131,   	-0.217467521008,    	-0.762966185265,    	-0.608761429009,    	4.434722963022,     	-0.654498469498,    	1.0,                	
132,   	-0.069145299634,    	-0.790334391312,    	-0.608761429009,    	4.625122517785,     	-0.654498469498,    	1.0,                	
133,   	0.081676013025,     	-0.78913785326,     	-0.608761429009,    	4.815522072548,     	-0.654498469498,    	1.0,                	
134,   	0.229545341768,     	-0.759419817113,    	-0.608761429009,    	5.005921627311,     	-0.654498469498,    	1.0,                	
135,   	0.369118303786,     	-0.702254370126,    	-0.608761429009,    	5.196321182074,     	-0.654498469498,    	1.0,                	
136,   	0.495350368576,     	-0.619707620498,    	-0.608761429009,    	5.386720736837,     	-0.654498469498,    	1.0,                	
137,   	0.603679180423,     	-0.514763022831,    	-0.608761429009,    	5.5771202916,       	-0.654498469498,    	1.0,                	
138,   	0.690189453819,     	-0.391213548318,    	-0.608761429009,    	5.767519846363,     	-0.654498469498,    	1.0,                	
139,   	0.751754482083,     	-0.253524596872,    	-0.608761429009,    	5.957919401126,     	-0.654498469498,    	1.0,                	
140,   	0.786149144687,     	-0.106672605943,    	-0.608761429009,    	6.148318955889,     	-0.654498469498,    	1.0,                	
141,   	0.864560225868,     	0.050354898935,     	-0.5,               	0.058177641733,     	-0.523598775598,    	1.0,                	
142,   	0.842681576944,     	0.199719202579,     	-0.5,               	0.232710566933,     	-0.523598775598,    	1.0,                	
143,   	0.795198474722,     	0.343015139315,     	-0.5,               	0.407243492132,     	-0.523598775598,    	1.0,                	
144,   	0.723553669236,     	0.475888734617,     	-0.5,               	0.581776417331,     	-0.523598775598,    	1.0,                	
145,   	0.629924051645,     	0.594302691529,     	-0.5,               	0.756309342531,     	-0.523598775598,    	1.0,                	
146,   	0.517154510503,     	0.694659061891,     	-0.5,               	0.93084226773,      	-0.523598775598,    	1.0,                	
147,   	0.388671491251,     	0.773908568171,     	-0.5,               	1.10537519293,      	-0.523598775598,    	1.0,                	
148,   	0.248378885415,     	0.829643254224,     	-0.5,               	1.279908118129,     	-0.523598775598,    	1.0,                	
149,   	0.100539412832,     	0.860169649818,     	-0.5,               	1.454441043329,     	-0.523598775598,    	1.0,                	
150,   	-0.050354898935,    	0.864560225868,     	-0.5,               	1.628973968528,     	-0.523598775598,    	1.0,                	
151,   	-0.199719202579,    	0.842681576944,     	-0.5,               	1.803506893727,     	-0.523598775598,    	1.0,                	
152,   	-0.343015139315,    	0.795198474722,     	-0.5,               	1.978039818927,     	-0.523598775598,    	1.0,                	
153,   	-0.475888734617,    	0.723553669236,     	-0.5,               	2.152572744126,     	-0.523598775598,    	1.0,                	
154,   	-0.594302691529,    	0.629924051645,     	-0.5,               	2.327105669326,     	-0.523598775598,    	1.0,                	
155,   	-0.694659061891,    	0.517154510503,     	-0.5,               	2.501638594525,     	-0.523598775598,    	1.0,                	
156,   	-0.773908568171,    	0.388671491251,     	-0.5,               	2.676171519725,     	-0.523598775598,    	1.0,                	
157,   	-0.829643254224,    	0.248378885415,     	-0.5,               	2.850704444924,     	-0.523598775598,    	1.0,                	
158,   	-0.860169649818,    	0.100539412832,     	-0.5,               	3.025237370124,     	-0.523598775598,    	1.0,                	
159,   	-0.864560225868,    	-0.050354898935,    	-0.5,               	3.199770295323,     	-0.523598775598,    	1.0,                	
160,   	-0.842681576944,    	-0.199719202579,    	-0.5,               	3.374303220522,     	-0.523598775598,    	1.0,                	
161,   	-0.795198474722,    	-0.343015139315,    	-0.5,               	3.548836145722,     	-0.523598775598,    	1.0,                	
162,   	-0.723553669236,    	-0.475888734617,    	-0.5,               	3.723369070921,     	-0.523598775598,    	1.0,                	
163,   	-0.629924051645,    	-0.594302691529,    	-0.5,               	3.897901996121,     	-0.523598775598,    	1.0,                	
164,   	-0.517154510503,    	-0.694659061891,    	-0.5,               	4.07243492132,      	-0.523598775598,    	1.0,                	
165,   	-0.388671491251,    	-0.773908568171,    	-0.5,               	4.24696784652,      	-0.523598775598,    	1.0,                	
166,   	-0.248378885415,    	-0.829643254224,    	-0.5,               	4.421500771719,     	-0.523598775598,    	1.0,                	
167,   	-0.100539412832,    	-0.860169649818,    	-0.5,               	4.596033696918,     	-0.523598775598,    	1.0,                	
168,   	0.050354898935,     	-0.864560225868,    	-0.5,               	4.770566622118,     	-0.523598775598,    	1.0,                	
169,   	0.199719202579,     	-0.842681576944,    	-0.5,               	4.945099547317,     	-0.523598775598,    	1.0,                	
170,   	0.343015139315,     	-0.795198474722,    	-0.5,               	5.119632472517,     	-0.523598775598,    	1.0,                	
171,   	0.475888734617,     	-0.723553669236,    	-0.5,               	5.294165397716,     	-0.523598775598,    	1.0,                	
172,   	0.594302691529,     	-0.629924051645,    	-0.5,               	5.468698322916,     	-0.523598775598,    	1.0,                	
173,   	0.694659061891,     	-0.517154510503,    	-0.5,               	5.643231248115,     	-0.523598775598,    	1.0,                	
174,   	0.773908568171,     	-0.388671491251,    	-0.5,               	5.817764173314,     	-0.523598775598,    	1.0,                	
175,   	0.829643254224,     	-0.248378885415,    	-0.5,               	5.992297098514,     	-0.523598775598,    	1.0,                	
176,   	0.860169649818,     	-0.100539412832,    	-0.5,               	6.166830023713,     	-0.523598775598,    	1.0,                	
177,   	0.922104111796,     	0.057248559821,     	-0.382683432365,    	0.062005118163,     	-0.392699081699,    	1.0,                	
178,   	0.900105010336,     	0.208241112561,     	-0.382683432365,    	0.227352099931,     	-0.392699081699,    	1.0,                	
179,   	0.853553390593,     	0.353553390593,     	-0.382683432365,    	0.392699081699,     	-0.392699081699,    	1.0,                	
180,   	0.783719059402,     	0.489221653775,     	-0.382683432365,    	0.558046063467,     	-0.392699081699,    	1.0,                	
181,   	0.692506915274,     	0.611545225548,     	-0.382683432365,    	0.723393045234,     	-0.392699081699,    	1.0,                	
182,   	0.582404987728,     	0.717187437748,     	-0.382683432365,    	0.888740027002,     	-0.392699081699,    	1.0,                	
183,   	0.456416570333,     	0.803266646213,     	-0.382683432365,    	1.05408700877,      	-0.392699081699,    	1.0,                	
184,   	0.317978298688,     	0.86743483453,      	-0.382683432365,    	1.219433990538,     	-0.392699081699,    	1.0,                	
185,   	0.170866407963,     	0.907941661795,     	-0.382683432365,    	1.384780972306,     	-0.392699081699,    	1.0,                	
186,   	0.019093727045,     	0.923682207353,     	-0.382683432365,    	1.550127954074,     	-0.392699081699,    	1.0,                	
187,   	-0.133199780974,    	0.914227110155,     	-0.382683432365,    	1.715474935842,     	-0.392699081699,    	1.0,                	
188,   	-0.281859946194,    	0.879834280603,     	-0.382683432365,    	1.88082191761,      	-0.392699081699,    	1.0,                	
189,   	-0.422831706836,    	0.821441865434,     	-0.382683432365,    	2.046168899378,     	-0.392699081699,    	1.0,                	
190,   	-0.552269720755,    	0.740642657514,     	-0.382683432365,    	2.211515881145,     	-0.392699081699,    	1.0,                	
191,   	-0.666643256352,    	0.639640648609,     	-0.382683432365,    	2.376862862913,     	-0.392699081699,    	1.0,                	
192,   	-0.762832501725,    	0.521190910229,     	-0.382683432365,    	2.542209844681,     	-0.392699081699,    	1.0,                	
193,   	-0.838213665007,    	0.388524442461,     	-0.382683432365,    	2.707556826449,     	-0.392699081699,    	1.0,                	
194,   	-0.890730544567,    	0.24526004071,      	-0.382683432365,    	2.872903808217,     	-0.392699081699,    	1.0,                	
195,   	-0.918950616832,    	0.095305584394,     	-0.382683432365,    	3.038250789985,     	-0.392699081699,    	1.0,                	
196,   	-0.922104111796,    	-0.057248559821,    	-0.382683432365,    	3.203597771753,     	-0.392699081699,    	1.0,                	
197,   	-0.900105010336,    	-0.208241112561,    	-0.382683432365,    	3.368944753521,     	-0.392699081699,    	1.0,                	
198,   	-0.853553390593,    	-0.353553390593,    	-0.382683432365,    	3.534291735289,     	-0.392699081699,    	1.0,                	
199,   	-0.783719059402,    	-0.489221653775,    	-0.382683432365,    	3.699638717056,     	-0.392699081699,    	1.0,                	
200,   	-0.692506915274,    	-0.611545225548,    	-0.382683432365,    	3.864985698824,     	-0.392699081699,    	1.0,                	
201,   	-0.582404987728,    	-0.717187437748,    	-0.382683432365,    	4.030332680592,     	-0.392699081699,    	1.0,                	
202,   	-0.456416570333,    	-0.803266646213,    	-0.382683432365,    	4.19567966236,      	-0.392699081699,    	1.0,                	
203,   	-0.317978298688,    	-0.86743483453,     	-0.382683432365,    	4.361026644128,     	-0.392699081699,    	1.0,                	
204,   	-0.170866407963,    	-0.907941661795,    	-0.382683432365,    	4.526373625896,     	-0.392699081699,    	1.0,                	
205,   	-0.019093727045,    	-0.923682207353,    	-0.382683432365,    	4.691720607664,     	-0.392699081699,    	1.0,                	
206,   	0.133199780974,     	-0.914227110155,    	-0.382683432365,    	4.857067589432,     	-0.392699081699,    	1.0,                	
207,   	0.281859946194,     	-0.879834280603,    	-0.382683432365,    	5.022414571199,     	-0.392699081699,    	1.0,                	
208,   	0.422831706836,     	-0.821441865434,    	-0.382683432365,    	5.187761552967,     	-0.392699081699,    	1.0,                	
209,   	0.552269720755,     	-0.740642657514,    	-0.382683432365,    	5.353108534735,     	-0.392699081699,    	1.0,                	
210,   	0.666643256352,     	-0.639640648609,    	-0.382683432365,    	5.518455516503,     	-0.392699081699,    	1.0,                	
211,   	0.762832501725,     	-0.521190910229,    	-0.382683432365,    	5.683802498271,     	-0.392699081699,    	1.0,                	
212,   	0.838213665007,     	-0.388524442461,    	-0.382683432365,    	5.849149480039,     	-0.392699081699,    	1.0,                	
213,   	0.890730544567,     	-0.24526004071,     	-0.382683432365,    	6.014496461807,     	-0.392699081699,    	1.0,                	
214,   	0.918950616832,     	-0.095305584394,    	-0.382683432365,    	6.179843443575,     	-0.392699081699,    	1.0,                	
215,   	0.963857704949,     	0.063174571644,     	-0.258819045103,    	0.06544984695,      	-0.261799387799,    	1.0,                	
216,   	0.942108336852,     	0.213177352283,     	-0.258819045103,    	0.222529479629,     	-0.261799387799,    	1.0,                	
217,   	0.897161134823,     	0.357930999014,     	-0.258819045103,    	0.379609112309,     	-0.261799387799,    	1.0,                	
218,   	0.830122848148,     	0.493871196645,     	-0.258819045103,    	0.536688744988,     	-0.261799387799,    	1.0,                	
219,   	0.742644181931,     	0.61765064635,      	-0.258819045103,    	0.693768377668,     	-0.261799387799,    	1.0,                	
220,   	0.636879151261,     	0.726221487276,     	-0.258819045103,    	0.850848010347,     	-0.261799387799,    	1.0,                	
221,   	0.515432042206,     	0.816910344995,     	-0.258819045103,    	1.007927643027,     	-0.261799387799,    	1.0,                	
222,   	0.381293285651,     	0.88748415885,      	-0.258819045103,    	1.165007275706,     	-0.261799387799,    	1.0,                	
223,   	0.237765822963,     	0.936205167323,     	-0.258819045103,    	1.322086908386,     	-0.261799387799,    	1.0,                	
224,   	0.088383776614,     	0.96187369749,      	-0.258819045103,    	1.479166541065,     	-0.261799387799,    	1.0,                	
225,   	-0.063174571644,    	0.963857704949,     	-0.258819045103,    	1.636246173745,     	-0.261799387799,    	1.0,                	
226,   	-0.213177352283,    	0.942108336852,     	-0.258819045103,    	1.793325806424,     	-0.261799387799,    	1.0,                	
227,   	-0.357930999014,    	0.897161134823,     	-0.258819045103,    	1.950405439104,     	-0.261799387799,    	1.0,                	
228,   	-0.493871196645,    	0.830122848148,     	-0.258819045103,    	2.107485071783,     	-0.261799387799,    	1.0,                	
229,   	-0.61765064635,     	0.742644181931,     	-0.258819045103,    	2.264564704463,     	-0.261799387799,    	1.0,                	
230,   	-0.726221487276,    	0.636879151261,     	-0.258819045103,    	2.421644337142,     	-0.261799387799,    	1.0,                	
231,   	-0.816910344995,    	0.515432042206,     	-0.258819045103,    	2.578723969822,     	-0.261799387799,    	1.0,                	
232,   	-0.88748415885,     	0.381293285651,     	-0.258819045103,    	2.735803602501,     	-0.261799387799,    	1.0,                	
233,   	-0.936205167323,    	0.237765822963,     	-0.258819045103,    	2.892883235181,     	-0.261799387799,    	1.0,                	
234,   	-0.96187369749,     	0.088383776614,     	-0.258819045103,    	3.04996286786,      	-0.261799387799,    	1.0,                	
235,   	-0.963857704949,    	-0.063174571644,    	-0.258819045103,    	3.20704250054,      	-0.261799387799,    	1.0,                	
236,   	-0.942108336852,    	-0.213177352283,    	-0.258819045103,    	3.364122133219,     	-0.261799387799,    	1.0,                	
237,   	-0.897161134823,    	-0.357930999014,    	-0.258819045103,    	3.521201765899,     	-0.261799387799,    	1.0,                	
238,   	-0.830122848148,    	-0.493871196645,    	-0.258819045103,    	3.678281398578,     	-0.261799387799,    	1.0,                	
239,   	-0.742644181931,    	-0.61765064635,     	-0.258819045103,    	3.835361031258,     	-0.261799387799,    	1.0,                	
240,   	-0.636879151261,    	-0.726221487276,    	-0.258819045103,    	3.992440663937,     	-0.261799387799,    	1.0,                	
241,   	-0.515432042206,    	-0.816910344995,    	-0.258819045103,    	4.149520296617,     	-0.261799387799,    	1.0,                	
242,   	-0.381293285651,    	-0.88748415885,     	-0.258819045103,    	4.306599929296,     	-0.261799387799,    	1.0,                	
243,   	-0.237765822963,    	-0.936205167323,    	-0.258819045103,    	4.463679561975,     	-0.261799387799,    	1.0,                	
244,   	-0.088383776614,    	-0.96187369749,     	-0.258819045103,    	4.620759194655,     	-0.261799387799,    	1.0,                	
245,   	0.063174571644,     	-0.963857704949,    	-0.258819045103,    	4.777838827334,     	-0.261799387799,    	1.0,                	
246,   	0.213177352283,     	-0.942108336852,    	-0.258819045103,    	4.934918460014,     	-0.261799387799,    	1.0,                	
247,   	0.357930999014,     	-0.897161134823,    	-0.258819045103,    	5.091998092693,     	-0.261799387799,    	1.0,                	
248,   	0.493871196645,     	-0.830122848148,    	-0.258819045103,    	5.249077725373,     	-0.261799387799,    	1.0,                	
249,   	0.61765064635,      	-0.742644181931,    	-0.258819045103,    	5.406157358052,     	-0.261799387799,    	1.0,                	
250,   	0.726221487276,     	-0.636879151261,    	-0.258819045103,    	5.563236990732,     	-0.261799387799,    	1.0,                	
251,   	0.816910344995,     	-0.515432042206,    	-0.258819045103,    	5.720316623411,     	-0.261799387799,    	1.0,                	
252,   	0.88748415885,      	-0.381293285651,    	-0.258819045103,    	5.877396256091,     	-0.261799387799,    	1.0,                	
253,   	0.936205167323,     	-0.237765822963,    	-0.258819045103,    	6.03447588877,      	-0.261799387799,    	1.0,                	
254,   	0.96187369749,      	-0.088383776614,    	-0.258819045103,    	6.19155552145,      	-0.261799387799,    	1.0,                	
255,   	0.989000221314,     	0.069580711298,     	-0.13052619222,     	0.070238860141,     	-0.1308996939,      	1.0,                	
256,   	0.966788112064,     	0.219735430724,     	-0.13052619222,     	0.223487282268,     	-0.1308996939,      	1.0,                	
257,   	0.921915308879,     	0.364739737894,     	-0.13052619222,     	0.376735704394,     	-0.1308996939,      	1.0,                	
258,   	0.855433592233,     	0.501194854746,     	-0.13052619222,     	0.52998412652,      	-0.1308996939,      	1.0,                	
259,   	0.768901237217,     	0.625902388996,     	-0.13052619222,     	0.683232548647,     	-0.1308996939,      	1.0,                	
260,   	0.664346488891,     	0.735939301738,     	-0.13052619222,     	0.836480970773,     	-0.1308996939,      	1.0,                	
261,   	0.544220021939,     	0.828726421001,     	-0.13052619222,     	0.989729392899,     	-0.1308996939,      	1.0,                	
262,   	0.411337498933,     	0.902088895351,     	-0.13052619222,     	1.142977815026,     	-0.1308996939,      	1.0,                	
263,   	0.268813573585,     	0.95430717057,      	-0.13052619222,     	1.296226237152,     	-0.1308996939,      	1.0,                	
264,   	0.119988885908,     	0.984157294543,     	-0.13052619222,     	1.449474659278,     	-0.1308996939,      	1.0,                	
265,   	-0.031648239557,    	0.990939605666,     	-0.13052619222,     	1.602723081405,     	-0.1308996939,      	1.0,                	
266,   	-0.18254355711,     	0.974495132313,     	-0.13052619222,     	1.755971503531,     	-0.1308996939,      	1.0,                	
267,   	-0.329160208402,    	0.935209319003,     	-0.13052619222,     	1.909219925657,     	-0.1308996939,      	1.0,                	
268,   	-0.468061623392,    	0.874002991901,     	-0.13052619222,     	2.062468347784,     	-0.1308996939,      	1.0,                	
269,   	-0.59599207064,     	0.792310775441,     	-0.13052619222,     	2.21571676991,      	-0.1308996939,      	1.0,                	
270,   	-0.709952968891,    	0.692047465935,     	-0.13052619222,     	2.368965192036,     	-0.1308996939,      	1.0,                	
271,   	-0.807273171281,    	0.57556315038,      	-0.13052619222,     	2.522213614163,     	-0.1308996939,      	1.0,                	
272,   	-0.885671574748,    	0.445588122405,     	-0.13052619222,     	2.675462036289,     	-0.1308996939,      	1.0,                	
273,   	-0.943310587164,    	0.305168886503,     	-0.13052619222,     	2.828710458415,     	-0.1308996939,      	1.0,                	
274,   	-0.978839198929,    	0.157596750552,     	-0.13052619222,     	2.981958880542,     	-0.1308996939,      	1.0,                	
275,   	-0.991424649497,    	0.00633068034,      	-0.13052619222,     	3.135207302668,     	-0.1308996939,      	1.0,                	
276,   	-0.980771946574,    	-0.145083775654,    	-0.13052619222,     	3.288455724794,     	-0.1308996939,      	1.0,                	
277,   	-0.947130780487,    	-0.293097590913,    	-0.13052619222,     	3.441704146921,     	-0.1308996939,      	1.0,                	
278,   	-0.891289671656,    	-0.43424144706,     	-0.13052619222,     	3.594952569047,     	-0.1308996939,      	1.0,                	
279,   	-0.814557488343,    	-0.565207051733,    	-0.13052619222,     	3.748200991173,     	-0.1308996939,      	1.0,                	
280,   	-0.718732767891,    	-0.682924682161,    	-0.13052619222,     	3.9014494133,       	-0.1308996939,      	1.0,                	
281,   	-0.606061560528,    	-0.784635136859,    	-0.13052619222,     	4.054697835426,     	-0.1308996939,      	1.0,                	
282,   	-0.479184783861,    	-0.867954408976,    	-0.13052619222,     	4.207946257552,     	-0.1308996939,      	1.0,                	
283,   	-0.341076321999,    	-0.930929565389,    	-0.13052619222,     	4.361194679679,     	-0.1308996939,      	1.0,                	
284,   	-0.194973320232,    	-0.97208452181,     	-0.13052619222,     	4.514443101805,     	-0.1308996939,      	1.0,                	
285,   	-0.04430030909,     	-0.99045464094,     	-0.13052619222,     	4.667691523931,     	-0.1308996939,      	1.0,                	
286,   	0.10741106375,      	-0.985609342756,    	-0.13052619222,     	4.820939946058,     	-0.1308996939,      	1.0,                	
287,   	0.256604812293,     	-0.957662196943,    	-0.13052619222,     	4.974188368184,     	-0.1308996939,      	1.0,                	
288,   	0.399783961523,     	-0.907268260909,    	-0.13052619222,     	5.12743679031,      	-0.1308996939,      	1.0,                	
289,   	0.533592513537,     	-0.835608725805,    	-0.13052619222,     	5.280685212437,     	-0.1308996939,      	1.0,                	
290,   	0.654894109286,     	-0.744363230397,    	-0.13052619222,     	5.433933634563,     	-0.1308996939,      	1.0,                	
291,   	0.760845542175,     	-0.635670491762,    	-0.13052619222,     	5.587182056689,     	-0.1308996939,      	1.0,                	
292,   	0.848963400419,     	-0.512078175569,    	-0.13052619222,     	5.740430478815,     	-0.1308996939,      	1.0,                	
293,   	0.917182276105,     	-0.376483180958,    	-0.13052619222,     	5.893678900942,     	-0.1308996939,      	1.0,                	
294,   	0.963903176606,     	-0.232063739678,    	-0.13052619222,     	6.046927323068,     	-0.1308996939,      	1.0,                	
295,   	0.988031003614,     	-0.082204921028,    	-0.13052619222,     	6.200175745194,     	-0.1308996939,      	1.0,                	
296,   	0.997203797181,     	0.074730093586,     	0.0,                	0.074799825085,     	0.0,                	1.0,                	
297,   	0.974927912182,     	0.222520933956,     	0.0,                	0.224399475256,     	0.0,                	1.0,                	
298,   	0.930873748644,     	0.365341024366,     	0.0,                	0.373999125427,     	0.0,                	1.0,                	
299,   	0.866025403784,     	0.5,                	0.0,                	0.523598775598,     	0.0,                	1.0,                	
300,   	0.781831482468,     	0.623489801859,     	0.0,                	0.673198425769,     	0.0,                	1.0,                	
301,   	0.680172737771,     	0.73305187183,      	0.0,                	0.82279807594,      	0.0,                	1.0,                	
302,   	0.563320058064,     	0.826238774316,     	0.0,                	0.972397726111,     	0.0,                	1.0,                	
303,   	0.433883739118,     	0.900968867902,     	0.0,                	1.121997376282,     	0.0,                	1.0,                	
304,   	0.294755174411,     	0.955572805786,     	0.0,                	1.271597026453,     	0.0,                	1.0,                	
305,   	0.149042266176,     	0.988830826225,     	0.0,                	1.421196676624,     	0.0,                	1.0,                	
306,   	0.0,                	1.0,                	0.0,                	1.570796326795,     	0.0,                	1.0,                	
307,   	-0.149042266176,    	0.988830826225,     	0.0,                	1.720395976966,     	0.0,                	1.0,                	
308,   	-0.294755174411,    	0.955572805786,     	0.0,                	1.869995627137,     	0.0,                	1.0,                	
309,   	-0.433883739118,    	0.900968867902,     	0.0,                	2.019595277308,     	0.0,                	1.0,                	
310,   	-0.563320058064,    	0.826238774316,     	0.0,                	2.169194927479,     	0.0,                	1.0,                	
311,   	-0.680172737771,    	0.73305187183,      	0.0,                	2.31879457765,      	0.0,                	1.0,                	
312,   	-0.781831482468,    	0.623489801859,     	0.0,                	2.468394227821,     	0.0,                	1.0,                	
313,   	-0.866025403784,    	0.5,                	0.0,                	2.617993877991,     	0.0,                	1.0,                	
314,   	-0.930873748644,    	0.365341024366,     	0.0,                	2.767593528162,     	0.0,                	1.0,                	
315,   	-0.974927912182,    	0.222520933956,     	0.0,                	2.917193178333,     	0.0,                	1.0,                	
316,   	-0.997203797181,    	0.074730093586,     	0.0,                	3.066792828504,     	0.0,                	1.0,                	
317,   	-0.997203797181,    	-0.074730093586,    	0.0,                	3.216392478675,     	0.0,                	1.0,                	
318,   	-0.974927912182,    	-0.222520933956,    	0.0,                	3.365992128846,     	0.0,                	1.0,                	
319,   	-0.930873748644,    	-0.365341024366,    	0.0,                	3.515591779017,     	0.0,                	1.0,                	
320,   	-0.866025403784,    	-0.5,               	0.0,                	3.665191429188,     	0.0,                	1.0,                	
321,   	-0.781831482468,    	-0.623489801859,    	0.0,                	3.814791079359,     	0.0,                	1.0,                	
322,   	-0.680172737771,    	-0.73305187183,     	0.0,                	3.96439072953,      	0.0,                	1.0,                	
323,   	-0.563320058064,    	-0.826238774316,    	0.0,                	4.113990379701,     	0.0,                	1.0,                	
324,   	-0.433883739118,    	-0.900968867902,    	0.0,                	4.263590029872,     	0.0,                	1.0,                	
325,   	-0.294755174411,    	-0.955572805786,    	0.0,                	4.413189680043,     	0.0,                	1.0,                	
326,   	-0.149042266176,    	-0.988830826225,    	0.0,                	4.562789330214,     	0.0,                	1.0,                	
327,   	-0.0,               	-1.0,               	0.0,                	4.712388980385,     	0.0,                	1.0,                	
328,   	0.149042266176,     	-0.988830826225,    	0.0,                	4.861988630556,     	0.0,                	1.0,                	
329,   	0.294755174411,     	-0.955572805786,    	0.0,                	5.011588280727,     	0.0,                	1.0,                	
330,   	0.433883739118,     	-0.900968867902,    	0.0,                	5.161187930898,     	0.0,                	1.0,                	
331,   	0.563320058064,     	-0.826238774316,    	0.0,                	5.310787581068,     	0.0,                	1.0,                	
332,   	0.680172737771,     	-0.73305187183,     	0.0,                	5.460387231239,     	0.0,                	1.0,                	
333,   	0.781831482468,     	-0.623489801859,    	0.0,                	5.60998688141,      	0.0,                	1.0,                	
334,   	0.866025403784,     	-0.5,               	0.0,                	5.759586531581,     	0.0,                	1.0,                	
335,   	0.930873748644,     	-0.365341024366,    	0.0,                	5.909186181752,     	0.0,                	1.0,                	
336,   	0.974927912182,     	-0.222520933956,    	0.0,                	6.058785831923,     	0.0,                	1.0,                	
337,   	0.997203797181,     	-0.074730093586,    	0.0,                	6.208385482094,     	0.0,                	1.0,                	
338,   	0.989000221314,     	0.069580711298,     	0.13052619222,      	0.070238860141,     	0.1308996939,       	1.0,                	
339,   	0.966788112064,     	0.219735430724,     	0.13052619222,      	0.223487282268,     	0.1308996939,       	1.0,                	
340,   	0.921915308879,     	0.364739737894,     	0.13052619222,      	0.376735704394,     	0.1308996939,       	1.0,                	
341,   	0.855433592233,     	0.501194854746,     	0.13052619222,      	0.52998412652,      	0.1308996939,       	1.0,                	
342,   	0.768901237217,     	0.625902388996,     	0.13052619222,      	0.683232548647,     	0.1308996939,       	1.0,                	
343,   	0.664346488891,     	0.735939301738,     	0.13052619222,      	0.836480970773,     	0.1308996939,       	1.0,                	
344,   	0.544220021939,     	0.828726421001,     	0.13052619222,      	0.989729392899,     	0.1308996939,       	1.0,                	
345,   	0.411337498933,     	0.902088895351,     	0.13052619222,      	1.142977815026,     	0.1308996939,       	1.0,                	
346,   	0.268813573585,     	0.95430717057,      	0.13052619222,      	1.296226237152,     	0.1308996939,       	1.0,                	
347,   	0.119988885908,     	0.984157294543,     	0.13052619222,      	1.449474659278,     	0.1308996939,       	1.0,                	
348,   	-0.031648239557,    	0.990939605666,     	0.13052619222,      	1.602723081405,     	0.1308996939,       	1.0,                	
349,   	-0.18254355711,     	0.974495132313,     	0.13052619222,      	1.755971503531,     	0.1308996939,       	1.0,                	
350,   	-0.329160208402,    	0.935209319003,     	0.13052619222,      	1.909219925657,     	0.1308996939,       	1.0,                	
351,   	-0.468061623392,    	0.874002991901,     	0.13052619222,      	2.062468347784,     	0.1308996939,       	1.0,                	
352,   	-0.59599207064,     	0.792310775441,     	0.13052619222,      	2.21571676991,      	0.1308996939,       	1.0,                	
353,   	-0.709952968891,    	0.692047465935,     	0.13052619222,      	2.368965192036,     	0.1308996939,       	1.0,                	
354,   	-0.807273171281,    	0.57556315038,      	0.13052619222,      	2.522213614163,     	0.1308996939,       	1.0,                	
355,   	-0.885671574748,    	0.445588122405,     	0.13052619222,      	2.675462036289,     	0.1308996939,       	1.0,                	
356,   	-0.943310587164,    	0.305168886503,     	0.13052619222,      	2.828710458415,     	0.1308996939,       	1.0,                	
357,   	-0.978839198929,    	0.157596750552,     	0.13052619222,      	2.981958880542,     	0.1308996939,       	1.0,                	
358,   	-0.991424649497,    	0.00633068034,      	0.13052619222,      	3.135207302668,     	0.1308996939,       	1.0,                	
359,   	-0.980771946574,    	-0.145083775654,    	0.13052619222,      	3.288455724794,     	0.1308996939,       	1.0,                	
360,   	-0.947130780487,    	-0.293097590913,    	0.13052619222,      	3.441704146921,     	0.1308996939,       	1.0,                	
361,   	-0.891289671656,    	-0.43424144706,     	0.13052619222,      	3.594952569047,     	0.1308996939,       	1.0,                	
362,   	-0.814557488343,    	-0.565207051733,    	0.13052619222,      	3.748200991173,     	0.1308996939,       	1.0,                	
363,   	-0.718732767891,    	-0.682924682161,    	0.13052619222,      	3.9014494133,       	0.1308996939,       	1.0,                	
364,   	-0.606061560528,    	-0.784635136859,    	0.13052619222,      	4.054697835426,     	0.1308996939,       	1.0,                	
365,   	-0.479184783861,    	-0.867954408976,    	0.13052619222,      	4.207946257552,     	0.1308996939,       	1.0,                	
366,   	-0.341076321999,    	-0.930929565389,    	0.13052619222,      	4.361194679679,     	0.1308996939,       	1.0,                	
367,   	-0.194973320232,    	-0.97208452181,     	0.13052619222,      	4.514443101805,     	0.1308996939,       	1.0,                	
368,   	-0.04430030909,     	-0.99045464094,     	0.13052619222,      	4.667691523931,     	0.1308996939,       	1.0,                	
369,   	0.10741106375,      	-0.985609342756,    	0.13052619222,      	4.820939946058,     	0.1308996939,       	1.0,                	
370,   	0.256604812293,     	-0.957662196943,    	0.13052619222,      	4.974188368184,     	0.1308996939,       	1.0,                	
371,   	0.399783961523,     	-0.907268260909,    	0.13052619222,      	5.12743679031,      	0.1308996939,       	1.0,                	
372,   	0.533592513537,     	-0.835608725805,    	0.13052619222,      	5.280685212437,     	0.1308996939,       	1.0,                	
373,   	0.654894109286,     	-0.744363230397,    	0.13052619222,      	5.433933634563,     	0.1308996939,       	1.0,                	
374,   	0.760845542175,     	-0.635670491762,    	0.13052619222,      	5.587182056689,     	0.1308996939,       	1.0,                	
375,   	0.848963400419,     	-0.512078175569,    	0.13052619222,      	5.740430478815,     	0.1308996939,       	1.0,                	
376,   	0.917182276105,     	-0.376483180958,    	0.13052619222,      	5.893678900942,     	0.1308996939,       	1.0,                	
377,   	0.963903176606,     	-0.232063739678,    	0.13052619222,      	6.046927323068,     	0.1308996939,       	1.0,                	
378,   	0.988031003614,     	-0.082204921028,    	0.13052619222,      	6.200175745194,     	0.1308996939,       	1.0,                	
379,   	0.963857704949,     	0.063174571644,     	0.258819045103,     	0.06544984695,      	0.261799387799,     	1.0,                	
380,   	0.942108336852,     	0.213177352283,     	0.258819045103,     	0.222529479629,     	0.261799387799,     	1.0,                	
381,   	0.897161134823,     	0.357930999014,     	0.258819045103,     	0.379609112309,     	0.261799387799,     	1.0,                	
382,   	0.830122848148,     	0.493871196645,     	0.258819045103,     	0.536688744988,     	0.261799387799,     	1.0,                	
383,   	0.742644181931,     	0.61765064635,      	0.258819045103,     	0.693768377668,     	0.261799387799,     	1.0,                	
384,   	0.636879151261,     	0.726221487276,     	0.258819045103,     	0.850848010347,     	0.261799387799,     	1.0,                	
385,   	0.515432042206,     	0.816910344995,     	0.258819045103,     	1.007927643027,     	0.261799387799,     	1.0,                	
386,   	0.381293285651,     	0.88748415885,      	0.258819045103,     	1.165007275706,     	0.261799387799,     	1.0,                	
387,   	0.237765822963,     	0.936205167323,     	0.258819045103,     	1.322086908386,     	0.261799387799,     	1.0,                	
388,   	0.088383776614,     	0.96187369749,      	0.258819045103,     	1.479166541065,     	0.261799387799,     	1.0,                	
389,   	-0.063174571644,    	0.963857704949,     	0.258819045103,     	1.636246173745,     	0.261799387799,     	1.0,                	
390,   	-0.213177352283,    	0.942108336852,     	0.258819045103,     	1.793325806424,     	0.261799387799,     	1.0,                	
391,   	-0.357930999014,    	0.897161134823,     	0.258819045103,     	1.950405439104,     	0.261799387799,     	1.0,                	
392,   	-0.493871196645,    	0.830122848148,     	0.258819045103,     	2.107485071783,     	0.261799387799,     	1.0,                	
393,   	-0.61765064635,     	0.742644181931,     	0.258819045103,     	2.264564704463,     	0.261799387799,     	1.0,                	
394,   	-0.726221487276,    	0.636879151261,     	0.258819045103,     	2.421644337142,     	0.261799387799,     	1.0,                	
395,   	-0.816910344995,    	0.515432042206,     	0.258819045103,     	2.578723969822,     	0.261799387799,     	1.0,                	
396,   	-0.88748415885,     	0.381293285651,     	0.258819045103,     	2.735803602501,     	0.261799387799,     	1.0,                	
397,   	-0.936205167323,    	0.237765822963,     	0.258819045103,     	2.892883235181,     	0.261799387799,     	1.0,                	
398,   	-0.96187369749,     	0.088383776614,     	0.258819045103,     	3.04996286786,      	0.261799387799,     	1.0,                	
399,   	-0.963857704949,    	-0.063174571644,    	0.258819045103,     	3.20704250054,      	0.261799387799,     	1.0,                	
400,   	-0.942108336852,    	-0.213177352283,    	0.258819045103,     	3.364122133219,     	0.261799387799,     	1.0,                	
401,   	-0.897161134823,    	-0.357930999014,    	0.258819045103,     	3.521201765899,     	0.261799387799,     	1.0,                	
402,   	-0.830122848148,    	-0.493871196645,    	0.258819045103,     	3.678281398578,     	0.261799387799,     	1.0,                	
403,   	-0.742644181931,    	-0.61765064635,     	0.258819045103,     	3.835361031258,     	0.261799387799,     	1.0,                	
404,   	-0.636879151261,    	-0.726221487276,    	0.258819045103,     	3.992440663937,     	0.261799387799,     	1.0,                	
405,   	-0.515432042206,    	-0.816910344995,    	0.258819045103,     	4.149520296617,     	0.261799387799,     	1.0,                	
406,   	-0.381293285651,    	-0.88748415885,     	0.258819045103,     	4.306599929296,     	0.261799387799,     	1.0,                	
407,   	-0.237765822963,    	-0.936205167323,    	0.258819045103,     	4.463679561975,     	0.261799387799,     	1.0,                	
408,   	-0.088383776614,    	-0.96187369749,     	0.258819045103,     	4.620759194655,     	0.261799387799,     	1.0,                	
409,   	0.063174571644,     	-0.963857704949,    	0.258819045103,     	4.777838827334,     	0.261799387799,     	1.0,                	
410,   	0.213177352283,     	-0.942108336852,    	0.258819045103,     	4.934918460014,     	0.261799387799,     	1.0,                	
411,   	0.357930999014,     	-0.897161134823,    	0.258819045103,     	5.091998092693,     	0.261799387799,     	1.0,                	
412,   	0.493871196645,     	-0.830122848148,    	0.258819045103,     	5.249077725373,     	0.261799387799,     	1.0,                	
413,   	0.61765064635,      	-0.742644181931,    	0.258819045103,     	5.406157358052,     	0.261799387799,     	1.0,                	
414,   	0.726221487276,     	-0.636879151261,    	0.258819045103,     	5.563236990732,     	0.261799387799,     	1.0,                	
415,   	0.816910344995,     	-0.515432042206,    	0.258819045103,     	5.720316623411,     	0.261799387799,     	1.0,                	
416,   	0.88748415885,      	-0.381293285651,    	0.258819045103,     	5.877396256091,     	0.261799387799,     	1.0,                	
417,   	0.936205167323,     	-0.237765822963,    	0.258819045103,     	6.03447588877,      	0.261799387799,     	1.0,                	
418,   	0.96187369749,      	-0.088383776614,    	0.258819045103,     	6.19155552145,      	0.261799387799,     	1.0,                	
419,   	0.922104111796,     	0.057248559821,     	0.382683432365,     	0.062005118163,     	0.392699081699,     	1.0,                	
420,   	0.900105010336,     	0.208241112561,     	0.382683432365,     	0.227352099931,     	0.392699081699,     	1.0,                	
421,   	0.853553390593,     	0.353553390593,     	0.382683432365,     	0.392699081699,     	0.392699081699,     	1.0,                	
422,   	0.783719059402,     	0.489221653775,     	0.382683432365,     	0.558046063467,     	0.392699081699,     	1.0,                	
423,   	0.692506915274,     	0.611545225548,     	0.382683432365,     	0.723393045234,     	0.392699081699,     	1.0,                	
424,   	0.582404987728,     	0.717187437748,     	0.382683432365,     	0.888740027002,     	0.392699081699,     	1.0,                	
425,   	0.456416570333,     	0.803266646213,     	0.382683432365,     	1.05408700877,      	0.392699081699,     	1.0,                	
426,   	0.317978298688,     	0.86743483453,      	0.382683432365,     	1.219433990538,     	0.392699081699,     	1.0,                	
427,   	0.170866407963,     	0.907941661795,     	0.382683432365,     	1.384780972306,     	0.392699081699,     	1.0,                	
428,   	0.019093727045,     	0.923682207353,     	0.382683432365,     	1.550127954074,     	0.392699081699,     	1.0,                	
429,   	-0.133199780974,    	0.914227110155,     	0.382683432365,     	1.715474935842,     	0.392699081699,     	1.0,                	
430,   	-0.281859946194,    	0.879834280603,     	0.382683432365,     	1.88082191761,      	0.392699081699,     	1.0,                	
431,   	-0.422831706836,    	0.821441865434,     	0.382683432365,     	2.046168899378,     	0.392699081699,     	1.0,                	
432,   	-0.552269720755,    	0.740642657514,     	0.382683432365,     	2.211515881145,     	0.392699081699,     	1.0,                	
433,   	-0.666643256352,    	0.639640648609,     	0.382683432365,     	2.376862862913,     	0.392699081699,     	1.0,                	
434,   	-0.762832501725,    	0.521190910229,     	0.382683432365,     	2.542209844681,     	0.392699081699,     	1.0,                	
435,   	-0.838213665007,    	0.388524442461,     	0.382683432365,     	2.707556826449,     	0.392699081699,     	1.0,                	
436,   	-0.890730544567,    	0.24526004071,      	0.382683432365,     	2.872903808217,     	0.392699081699,     	1.0,                	
437,   	-0.918950616832,    	0.095305584394,     	0.382683432365,     	3.038250789985,     	0.392699081699,     	1.0,                	
438,   	-0.922104111796,    	-0.057248559821,    	0.382683432365,     	3.203597771753,     	0.392699081699,     	1.0,                	
439,   	-0.900105010336,    	-0.208241112561,    	0.382683432365,     	3.368944753521,     	0.392699081699,     	1.0,                	
440,   	-0.853553390593,    	-0.353553390593,    	0.382683432365,     	3.534291735289,     	0.392699081699,     	1.0,                	
441,   	-0.783719059402,    	-0.489221653775,    	0.382683432365,     	3.699638717056,     	0.392699081699,     	1.0,                	
442,   	-0.692506915274,    	-0.611545225548,    	0.382683432365,     	3.864985698824,     	0.392699081699,     	1.0,                	
443,   	-0.582404987728,    	-0.717187437748,    	0.382683432365,     	4.030332680592,     	0.392699081699,     	1.0,                	
444,   	-0.456416570333,    	-0.803266646213,    	0.382683432365,     	4.19567966236,      	0.392699081699,     	1.0,                	
445,   	-0.317978298688,    	-0.86743483453,     	0.382683432365,     	4.361026644128,     	0.392699081699,     	1.0,                	
446,   	-0.170866407963,    	-0.907941661795,    	0.382683432365,     	4.526373625896,     	0.392699081699,     	1.0,                	
447,   	-0.019093727045,    	-0.923682207353,    	0.382683432365,     	4.691720607664,     	0.392699081699,     	1.0,                	
448,   	0.133199780974,     	-0.914227110155,    	0.382683432365,     	4.857067589432,     	0.392699081699,     	1.0,                	
449,   	0.281859946194,     	-0.879834280603,    	0.382683432365,     	5.022414571199,     	0.392699081699,     	1.0,                	
450,   	0.422831706836,     	-0.821441865434,    	0.382683432365,     	5.187761552967,     	0.392699081699,     	1.0,                	
451,   	0.552269720755,     	-0.740642657514,    	0.382683432365,     	5.353108534735,     	0.392699081699,     	1.0,                	
452,   	0.666643256352,     	-0.639640648609,    	0.382683432365,     	5.518455516503,     	0.392699081699,     	1.0,                	
453,   	0.762832501725,     	-0.521190910229,    	0.382683432365,     	5.683802498271,     	0.392699081699,     	1.0,                	
454,   	0.838213665007,     	-0.388524442461,    	0.382683432365,     	5.849149480039,     	0.392699081699,     	1.0,                	
455,   	0.890730544567,     	-0.24526004071,     	0.382683432365,     	6.014496461807,     	0.392699081699,     	1.0,                	
456,   	0.918950616832,     	-0.095305584394,    	0.382683432365,     	6.179843443575,     	0.392699081699,     	1.0,                	
457,   	0.864560225868,     	0.050354898935,     	0.5,                	0.058177641733,     	0.523598775598,     	1.0,                	
458,   	0.842681576944,     	0.199719202579,     	0.5,                	0.232710566933,     	0.523598775598,     	1.0,                	
459,   	0.795198474722,     	0.343015139315,     	0.5,                	0.407243492132,     	0.523598775598,     	1.0,                	
460,   	0.723553669236,     	0.475888734617,     	0.5,                	0.581776417331,     	0.523598775598,     	1.0,                	
461,   	0.629924051645,     	0.594302691529,     	0.5,                	0.756309342531,     	0.523598775598,     	1.0,                	
462,   	0.517154510503,     	0.694659061891,     	0.5,                	0.93084226773,      	0.523598775598,     	1.0,                	
463,   	0.388671491251,     	0.773908568171,     	0.5,                	1.10537519293,      	0.523598775598,     	1.0,                	
464,   	0.248378885415,     	0.829643254224,     	0.5,                	1.279908118129,     	0.523598775598,     	1.0,                	
465,   	0.100539412832,     	0.860169649818,     	0.5,                	1.454441043329,     	0.523598775598,     	1.0,                	
466,   	-0.050354898935,    	0.864560225868,     	0.5,                	1.628973968528,     	0.523598775598,     	1.0,                	
467,   	-0.199719202579,    	0.842681576944,     	0.5,                	1.803506893727,     	0.523598775598,     	1.0,                	
468,   	-0.343015139315,    	0.795198474722,     	0.5,                	1.978039818927,     	0.523598775598,     	1.0,                	
469,   	-0.475888734617,    	0.723553669236,     	0.5,                	2.152572744126,     	0.523598775598,     	1.0,                	
470,   	-0.594302691529,    	0.629924051645,     	0.5,                	2.327105669326,     	0.523598775598,     	1.0,                	
471,   	-0.694659061891,    	0.517154510503,     	0.5,                	2.501638594525,     	0.523598775598,     	1.0,                	
472,   	-0.773908568171,    	0.388671491251,     	0.5,                	2.676171519725,     	0.523598775598,     	1.0,                	
473,   	-0.829643254224,    	0.248378885415,     	0.5,                	2.850704444924,     	0.523598775598,     	1.0,                	
474,   	-0.860169649818,    	0.100539412832,     	0.5,                	3.025237370124,     	0.523598775598,     	1.0,                	
475,   	-0.864560225868,    	-0.050354898935,    	0.5,                	3.199770295323,     	0.523598775598,     	1.0,                	
476,   	-0.842681576944,    	-0.199719202579,    	0.5,                	3.374303220522,     	0.523598775598,     	1.0,                	
477,   	-0.795198474722,    	-0.343015139315,    	0.5,                	3.548836145722,     	0.523598775598,     	1.0,                	
478,   	-0.723553669236,    	-0.475888734617,    	0.5,                	3.723369070921,     	0.523598775598,     	1.0,                	
479,   	-0.629924051645,    	-0.594302691529,    	0.5,                	3.897901996121,     	0.523598775598,     	1.0,                	
480,   	-0.517154510503,    	-0.694659061891,    	0.5,                	4.07243492132,      	0.523598775598,     	1.0,                	
481,   	-0.388671491251,    	-0.773908568171,    	0.5,                	4.24696784652,      	0.523598775598,     	1.0,                	
482,   	-0.248378885415,    	-0.829643254224,    	0.5,                	4.421500771719,     	0.523598775598,     	1.0,                	
483,   	-0.100539412832,    	-0.860169649818,    	0.5,                	4.596033696918,     	0.523598775598,     	1.0,                	
484,   	0.050354898935,     	-0.864560225868,    	0.5,                	4.770566622118,     	0.523598775598,     	1.0,                	
485,   	0.199719202579,     	-0.842681576944,    	0.5,                	4.945099547317,     	0.523598775598,     	1.0,                	
486,   	0.343015139315,     	-0.795198474722,    	0.5,                	5.119632472517,     	0.523598775598,     	1.0,                	
487,   	0.475888734617,     	-0.723553669236,    	0.5,                	5.294165397716,     	0.523598775598,     	1.0,                	
488,   	0.594302691529,     	-0.629924051645,    	0.5,                	5.468698322916,     	0.523598775598,     	1.0,                	
489,   	0.694659061891,     	-0.517154510503,    	0.5,                	5.643231248115,     	0.523598775598,     	1.0,                	
490,   	0.773908568171,     	-0.388671491251,    	0.5,                	5.817764173314,     	0.523598775598,     	1.0,                	
491,   	0.829643254224,     	-0.248378885415,    	0.5,                	5.992297098514,     	0.523598775598,     	1.0,                	
492,   	0.860169649818,     	-0.100539412832,    	0.5,                	6.166830023713,     	0.523598775598,     	1.0,                	
493,   	0.792130328911,     	0.044034810898,     	0.608761429009,     	0.055533203473,     	0.654498469498,     	1.0,                	
494,   	0.769481859172,     	0.193150694941,     	0.608761429009,     	0.245932758236,     	0.654498469498,     	1.0,                	
495,   	0.719022310177,     	0.33528560962,      	0.608761429009,     	0.436332312999,     	0.654498469498,     	1.0,                	
496,   	0.642575421499,     	0.465302428789,     	0.608761429009,     	0.626731867762,     	0.654498469498,     	1.0,                	
497,   	0.542904182873,     	0.578502005848,     	0.608761429009,     	0.817131422525,     	0.654498469498,     	1.0,                	
498,   	0.423610972555,     	0.670793013143,     	0.608761429009,     	1.007530977288,     	0.654498469498,     	1.0,                	
499,   	0.289007357982,     	0.73883981321,      	0.608761429009,     	1.197930532051,     	0.654498469498,     	1.0,                	
500,   	0.143958264489,     	0.780183017398,     	0.608761429009,     	1.388330086814,     	0.654498469498,     	1.0,                	
501,   	-0.006293855761,    	0.793328374591,     	0.608761429009,     	1.578729641577,     	0.654498469498,     	1.0,                	
502,   	-0.156318499666,    	0.777800777329,     	0.608761429009,     	1.76912919634,      	0.654498469498,     	1.0,                	
503,   	-0.300693385709,    	0.734161433434,     	0.608761429009,     	1.959528751103,     	0.654498469498,     	1.0,                	
504,   	-0.434200429344,    	0.663987582496,     	0.608761429009,     	2.149928305866,     	0.654498469498,     	1.0,                	
505,   	-0.552014338164,    	0.569815490324,     	0.608761429009,     	2.340327860629,     	0.654498469498,     	1.0,                	
506,   	-0.649877010543,    	0.455048781691,     	0.608761429009,     	2.530727415392,     	0.654498469498,     	1.0,                	
507,   	-0.724251434523,    	0.323835424471,     	0.608761429009,     	2.721126970155,     	0.654498469498,     	1.0,                	
508,   	-0.772449524641,    	0.180917811265,     	0.608761429009,     	2.911526524918,     	0.654498469498,     	1.0,                	
509,   	-0.792729276341,    	0.031461356983,     	0.608761429009,     	3.101926079681,     	0.654498469498,     	1.0,                	
510,   	-0.784357726558,    	-0.119132192712,    	0.608761429009,     	3.292325634444,     	0.654498469498,     	1.0,                	
511,   	-0.747637444913,    	-0.265419994567,    	0.608761429009,     	3.482725189207,     	0.654498469498,     	1.0,                	
512,   	-0.683895598058,    	-0.402114826272,    	0.608761429009,     	3.67312474397,      	0.654498469498,     	1.0,                	
513,   	-0.595435982417,    	-0.524276180457,    	0.608761429009,     	3.863524298733,     	0.654498469498,     	1.0,                	
514,   	-0.485455758978,    	-0.627488827491,    	0.608761429009,     	4.053923853496,     	0.654498469498,     	1.0,                	
515,   	-0.357929899567,    	-0.708022393394,    	0.608761429009,     	4.244323408259,     	0.654498469498,     	1.0,                	
516,   	-0.217467521008,    	-0.762966185265,    	0.608761429009,     	4.434722963022,     	0.654498469498,     	1.0,                	
517,   	-0.069145299634,    	-0.790334391312,    	0.608761429009,     	4.625122517785,     	0.654498469498,     	1.0,                	
518,   	0.081676013025,     	-0.78913785326,     	0.608761429009,     	4.815522072548,     	0.654498469498,     	1.0,                	
519,   	0.229545341768,     	-0.759419817113,    	0.608761429009,     	5.005921627311,     	0.654498469498,     	1.0,                	
520,   	0.369118303786,     	-0.702254370126,    	0.608761429009,     	5.196321182074,     	0.654498469498,     	1.0,                	
521,   	0.495350368576,     	-0.619707620498,    	0.608761429009,     	5.386720736837,     	0.654498469498,     	1.0,                	
522,   	0.603679180423,     	-0.514763022831,    	0.608761429009,     	5.5771202916,       	0.654498469498,     	1.0,                	
523,   	0.690189453819,     	-0.391213548318,    	0.608761429009,     	5.767519846363,     	0.654498469498,     	1.0,                	
524,   	0.751754482083,     	-0.253524596872,    	0.608761429009,     	5.957919401126,     	0.654498469498,     	1.0,                	
525,   	0.786149144687,     	-0.106672605943,    	0.608761429009,     	6.148318955889,     	0.654498469498,     	1.0,                	
526,   	0.706069748175,     	0.038281989387,     	0.707106781187,     	0.054165390579,     	0.785398163397,     	1.0,                	
527,   	0.681332733723,     	0.189171102334,     	0.707106781187,     	0.270826952896,     	0.785398163397,     	1.0,                	
528,   	0.624737357888,     	0.331214784784,     	0.707106781187,     	0.487488515212,     	0.785398163397,     	1.0,                	
529,   	0.538929957544,     	0.457771232016,     	0.707106781187,     	0.704150077529,     	0.785398163397,     	1.0,                	
530,   	0.427922791363,     	0.562922805216,     	0.707106781187,     	0.920811639845,     	0.785398163397,     	1.0,                	
531,   	0.29690643106,      	0.641752733688,     	0.707106781187,     	1.137473202162,     	0.785398163397,     	1.0,                	
532,   	0.152007056028,     	0.690575017589,     	0.707106781187,     	1.354134764478,     	0.785398163397,     	1.0,                	
533,   	0.0,                	0.707106781187,     	0.707106781187,     	1.570796326795,     	0.785398163397,     	1.0,                	
534,   	-0.152007056028,    	0.690575017589,     	0.707106781187,     	1.787457889111,     	0.785398163397,     	1.0,                	
535,   	-0.29690643106,     	0.641752733688,     	0.707106781187,     	2.004119451428,     	0.785398163397,     	1.0,                	
536,   	-0.427922791363,    	0.562922805216,     	0.707106781187,     	2.220781013745,     	0.785398163397,     	1.0,                	
537,   	-0.538929957544,    	0.457771232016,     	0.707106781187,     	2.437442576061,     	0.785398163397,     	1.0,                	
538,   	-0.624737357888,    	0.331214784784,     	0.707106781187,     	2.654104138378,     	0.785398163397,     	1.0,                	
539,   	-0.681332733723,    	0.189171102334,     	0.707106781187,     	2.870765700694,     	0.785398163397,     	1.0,                	
540,   	-0.706069748175,    	0.038281989387,     	0.707106781187,     	3.087427263011,     	0.785398163397,     	1.0,                	
541,   	-0.697791725944,    	-0.114397146836,    	0.707106781187,     	3.304088825327,     	0.785398163397,     	1.0,                	
542,   	-0.656885738147,    	-0.261727199617,    	0.707106781187,     	3.520750387644,     	0.785398163397,     	1.0,                	
543,   	-0.58526450331,     	-0.396819179432,    	0.707106781187,     	3.73741194996,      	0.785398163397,     	1.0,                	
544,   	-0.486276950774,    	-0.51335633545,     	0.707106781187,     	3.954073512277,     	0.785398163397,     	1.0,                	
545,   	-0.364551628477,    	-0.605889519776,    	0.707106781187,     	4.170735074593,     	0.785398163397,     	1.0,                	
546,   	-0.225780277202,    	-0.670091983556,    	0.707106781187,     	4.38739663691,      	0.785398163397,     	1.0,                	
547,   	-0.076451691103,    	-0.702961690939,    	0.707106781187,     	4.604058199226,     	0.785398163397,     	1.0,                	
548,   	0.076451691103,     	-0.702961690939,    	0.707106781187,     	4.820719761543,     	0.785398163397,     	1.0,                	
549,   	0.225780277202,     	-0.670091983556,    	0.707106781187,     	5.037381323859,     	0.785398163397,     	1.0,                	
550,   	0.364551628477,     	-0.605889519776,    	0.707106781187,     	5.254042886176,     	0.785398163397,     	1.0,                	
551,   	0.486276950774,     	-0.51335633545,     	0.707106781187,     	5.470704448493,     	0.785398163397,     	1.0,                	
552,   	0.58526450331,      	-0.396819179432,    	0.707106781187,     	5.687366010809,     	0.785398163397,     	1.0,                	
553,   	0.656885738147,     	-0.261727199617,    	0.707106781187,     	5.904027573126,     	0.785398163397,     	1.0,                	
554,   	0.697791725944,     	-0.114397146836,    	0.707106781187,     	6.120689135442,     	0.785398163397,     	1.0,                	
555,   	0.607927142628,     	0.031860111511,     	0.793353340291,     	0.05235987756,      	0.916297857297,     	1.0,                	
556,   	0.580904706005,     	0.182044500026,     	0.793353340291,     	0.303687289847,     	0.916297857297,     	1.0,                	
557,   	0.517381890287,     	0.320790363091,     	0.793353340291,     	0.555014702134,     	0.916297857297,     	1.0,                	
558,   	0.421350067604,     	0.439379787859,     	0.793353340291,     	0.806342114421,     	0.916297857297,     	1.0,                	
559,   	0.298843270556,     	0.53036136463,      	0.793353340291,     	1.057669526709,     	0.916297857297,     	1.0,                	
560,   	0.157559051751,     	0.588018386328,     	0.793353340291,     	1.308996938996,     	0.916297857297,     	1.0,                	
561,   	0.006374818263,     	0.608728050233,     	0.793353340291,     	1.560324351283,     	0.916297857297,     	1.0,                	
562,   	-0.145209968502,    	0.591189091997,     	0.793353340291,     	1.81165176357,      	0.916297857297,     	1.0,                	
563,   	-0.287670678901,    	0.536503548869,     	0.793353340291,     	2.062979175857,     	0.916297857297,     	1.0,                	
564,   	-0.412055982566,    	0.448107514644,     	0.793353340291,     	2.314306588144,     	0.916297857297,     	1.0,                	
565,   	-0.51055029341,     	0.33155523725,      	0.793353340291,     	2.565634000432,     	0.916297857297,     	1.0,                	
566,   	-0.576964851647,    	0.194170124924,     	0.793353340291,     	2.816961412719,     	0.916297857297,     	1.0,                	
567,   	-0.607126586326,    	0.044584589541,     	0.793353340291,     	3.068288825006,     	0.916297857297,     	1.0,                	
568,   	-0.599140324731,    	-0.107802359573,    	0.793353340291,     	3.319616237293,     	0.916297857297,     	1.0,                	
569,   	-0.55350787305,     	-0.253415689965,    	0.793353340291,     	3.57094364958,      	0.916297857297,     	1.0,                	
570,   	-0.473096486045,    	-0.38310598056,     	0.793353340291,     	3.822271061868,     	0.916297857297,     	1.0,                	
571,   	-0.362958706895,    	-0.488724313431,    	0.793353340291,     	4.073598474155,     	0.916297857297,     	1.0,                	
572,   	-0.230014897321,    	-0.563634300286,    	0.793353340291,     	4.324925886442,     	0.916297857297,     	1.0,                	
573,   	-0.082618405814,    	-0.603129071153,    	0.793353340291,     	4.576253298729,     	0.916297857297,     	1.0,                	
574,   	0.06996930398,      	-0.604727024325,    	0.793353340291,     	4.827580711016,     	0.916297857297,     	1.0,                	
575,   	0.218160585076,     	-0.568327754529,    	0.793353340291,     	5.078908123303,     	0.916297857297,     	1.0,                	
576,   	0.352644034273,     	-0.496218361752,    	0.793353340291,     	5.330235535591,     	0.916297857297,     	1.0,                	
577,   	0.464969561863,     	-0.392929744343,    	0.793353340291,     	5.581562947878,     	0.916297857297,     	1.0,                	
578,   	0.548079341842,     	-0.264951906003,    	0.793353340291,     	5.832890360165,     	0.916297857297,     	1.0,                	
579,   	0.596751281079,     	-0.120326164983,    	0.793353340291,     	6.084217772452,     	0.916297857297,     	1.0,                	
580,   	0.499378460609,     	0.02492294283,      	0.866025403784,     	0.049866550057,     	1.047197551197,     	1.0,                	
581,   	0.469846310393,     	0.171010071663,     	0.866025403784,     	0.349065850399,     	1.047197551197,     	1.0,                	
582,   	0.398566253611,     	0.301902205163,     	0.866025403784,     	0.648265150741,     	1.047197551197,     	1.0,                	
583,   	0.291871836117,     	0.405969002858,     	0.866025403784,     	0.947464451083,     	1.047197551197,     	1.0,                	
584,   	0.159243325126,     	0.473963673084,     	0.866025403784,     	1.246663751425,     	1.047197551197,     	1.0,                	
585,   	0.012465345869,     	0.499844591,        	0.866025403784,     	1.545863051766,     	1.047197551197,     	1.0,                	
586,   	-0.135420234072,    	0.481312123475,     	0.866025403784,     	1.845062352108,     	1.047197551197,     	1.0,                	
587,   	-0.271273131933,    	0.420012961575,     	0.866025403784,     	2.14426165245,      	1.047197551197,     	1.0,                	
588,   	-0.383022221559,    	0.321393804843,     	0.866025403784,     	2.443460952792,     	1.047197551197,     	1.0,                	
589,   	-0.460738105935,    	0.194217398137,     	0.866025403784,     	2.742660253134,     	1.047197551197,     	1.0,                	
590,   	-0.497515387683,    	0.049783923298,     	0.866025403784,     	3.041859553476,     	1.047197551197,     	1.0,                	
591,   	-0.490086243924,    	-0.0990730716,      	0.866025403784,     	3.341058853818,     	1.047197551197,     	1.0,                	
592,   	-0.439110786685,    	-0.239126989311,    	0.866025403784,     	3.64025815416,      	1.047197551197,     	1.0,                	
593,   	-0.349118409043,    	-0.35793342463,     	0.866025403784,     	3.939457454501,     	1.047197551197,     	1.0,                	
594,   	-0.228105328677,    	-0.444935904406,    	0.866025403784,     	4.238656754843,     	1.047197551197,     	1.0,                	
595,   	-0.086824088833,    	-0.492403876506,    	0.866025403784,     	4.537856055185,     	1.047197551197,     	1.0,                	
596,   	0.062171852324,     	-0.4961196033,      	0.866025403784,     	4.837055355527,     	1.047197551197,     	1.0,                	
597,   	0.205643551565,     	-0.455752926156,    	0.866025403784,     	5.136254655869,     	1.047197551197,     	1.0,                	
598,   	0.330842918798,     	-0.374890601484,    	0.866025403784,     	5.435453956211,     	1.047197551197,     	1.0,                	
599,   	0.426645440816,     	-0.26071760169,     	0.866025403784,     	5.734653256553,     	1.047197551197,     	1.0,                	
600,   	0.484538643115,     	-0.123378698845,    	0.866025403784,     	6.033852556895,     	1.047197551197,     	1.0,                	
601,   	0.382222473411,     	0.01877738603,      	0.923879532511,     	0.049087385212,     	1.178097245096,     	1.0,                	
602,   	0.345941725514,     	0.163618250679,     	0.923879532511,     	0.441786466911,     	1.178097245096,     	1.0,                	
603,   	0.256994485876,     	0.283549719866,     	0.923879532511,     	0.83448554861,      	1.178097245096,     	1.0,                	
604,   	0.128922165425,     	0.360313314587,     	0.923879532511,     	1.227184630309,     	1.178097245096,     	1.0,                	
605,   	-0.01877738603,     	0.382222473411,     	0.923879532511,     	1.619883712007,     	1.178097245096,     	1.0,                	
606,   	-0.163618250679,    	0.345941725514,     	0.923879532511,     	2.012582793706,     	1.178097245096,     	1.0,                	
607,   	-0.283549719866,    	0.256994485876,     	0.923879532511,     	2.405281875405,     	1.178097245096,     	1.0,                	
608,   	-0.360313314587,    	0.128922165425,     	0.923879532511,     	2.797980957103,     	1.178097245096,     	1.0,                	
609,   	-0.382222473411,    	-0.01877738603,     	0.923879532511,     	3.190680038802,     	1.178097245096,     	1.0,                	
610,   	-0.345941725514,    	-0.163618250679,    	0.923879532511,     	3.583379120501,     	1.178097245096,     	1.0,                	
611,   	-0.256994485876,    	-0.283549719866,    	0.923879532511,     	3.9760782022,       	1.178097245096,     	1.0,                	
612,   	-0.128922165425,    	-0.360313314587,    	0.923879532511,     	4.368777283898,     	1.178097245096,     	1.0,                	
613,   	0.01877738603,      	-0.382222473411,    	0.923879532511,     	4.761476365597,     	1.178097245096,     	1.0,                	
614,   	0.163618250679,     	-0.345941725514,    	0.923879532511,     	5.154175447296,     	1.178097245096,     	1.0,                	
615,   	0.283549719866,     	-0.256994485876,    	0.923879532511,     	5.546874528994,     	1.178097245096,     	1.0,                	
616,   	0.360313314587,     	-0.128922165425,    	0.923879532511,     	5.939573610693,     	1.178097245096,     	1.0,                	
617,   	0.258525890911,     	0.012315106018,     	0.965925826289,     	0.047599888691,     	1.308996938996,     	1.0,                	
618,   	0.210827770073,     	0.15012977544,      	0.965925826289,     	0.61879855298,      	1.308996938996,     	1.0,                	
619,   	0.096193321874,     	0.240279301927,     	0.965925826289,     	1.189997217269,     	1.308996938996,     	1.0,                	
620,   	-0.04898182635,     	0.254141847784,     	0.965925826289,     	1.761195881558,     	1.308996938996,     	1.0,                	
621,   	-0.178605590797,    	0.187316152651,     	0.965925826289,     	2.332394545847,     	1.308996938996,     	1.0,                	
622,   	-0.251523342133,    	0.061018902563,     	0.965925826289,     	2.903593210136,     	1.308996938996,     	1.0,                	
623,   	-0.244584209521,    	-0.084651417949,    	0.965925826289,     	3.474791874425,     	1.308996938996,     	1.0,                	
624,   	-0.159991318535,    	-0.203445511381,    	0.965925826289,     	4.045990538714,     	1.308996938996,     	1.0,                	
625,   	-0.024602314359,    	-0.257647092427,    	0.965925826289,     	4.617189203003,     	1.308996938996,     	1.0,                	
626,   	0.118597750794,     	-0.230047542074,    	0.965925826289,     	5.188387867292,     	1.308996938996,     	1.0,                	
627,   	0.224143868042,     	-0.129409522551,    	0.965925826289,     	5.759586531581,     	1.308996938996,     	1.0,                	
628,   	0.13034731061,      	0.006831213085,     	0.991444861374,     	0.05235987756,      	1.439896632895,     	1.0,                	
629,   	0.033782664431,     	0.126078620073,     	0.991444861374,     	1.308996938996,     	1.439896632895,     	1.0,                	
630,   	-0.109468475761,    	0.071089659375,     	0.991444861374,     	2.565634000432,     	1.439896632895,     	1.0,                	
631,   	-0.101437903148,    	-0.08214279433,     	0.991444861374,     	3.822271061868,     	1.439896632895,     	1.0,                	
632,   	0.046776403868,     	-0.121856698202,    	0.991444861374,     	5.078908123303,     	1.439896632895,     	1.0,                	
633,   	0.0,                	0.0,                	1.0,                	0.0,                	1.570796326795,     	1.0,                	
634,   	0.0,                	0.0,                	-1.0,               	0.0,                	-1.570796326795,    	1.0,                	
