number	direction_ind	# of covercap	
0	21	4	
1	48	2	
2	63	2	
3	87	2	
4	93	2	
5	100	2	
6	105	2	
7	115	2	
8	120	2	
9	122	2	
10	174	2	
11	176	2	
12	183	2	
13	204	2	
14	206	2	
15	215	2	
16	228	2	
17	229	2	
18	241	2	
19	243	2	
20	263	2	
21	297	2	
22	298	2	
23	299	2	
24	300	2	
25	301	2	
26	302	2	
27	303	2	
28	304	2	
29	307	2	
30	351	2	
31	353	2	
32	366	2	
33	371	2	
34	375	2	
35	393	2	
36	441	2	
37	451	2	
38	610	2	
39	637	2	
40	739	2	
41	741	2	
42	747	2	
43	751	2	
44	755	2	
45	854	2	
46	859	2	
47	891	2	
48	892	2	
49	896	2	
50	900	2	
51	951	2	
52	969	2	
53	970	2	
54	981	2	
55	983	2	
56	1068	2	
57	1070	2	
58	1123	2	
59	1170	2	
60	1172	2	
61	1173	2	
62	1174	2	
63	1175	2	
64	1179	2	
65	1266	2	
66	1268	2	
67	1272	2	
68	1276	2	
69	1277	2	
70	1278	2	
71	1279	2	
72	1281	2	
73	1282	2	
74	1289	2	
75	1293	2	
76	1325	2	
77	1333	2	
78	1335	2	
79	1348	2	
80	1363	2	
81	1371	2	
82	1380	2	
83	1383	2	
84	1384	2	
85	1388	2	
86	1493	2	
87	1501	2	
88	1506	2	
89	1743	2	
90	1747	2	
91	1764	2	
92	1795	2	
93	1799	2	
94	1819	2	
95	1846	2	
96	1847	2	
97	1870	2	
98	1990	2	
99	2031	2	
100	2048	2	
101	2059	2	
102	2084	2	
103	2191	2	
104	2194	2	
105	2197	2	
106	2200	2	
107	2203	2	
108	2206	2	
109	2212	2	
110	2220	2	
111	2358	2	
112	2362	2	
113	2364	2	
114	2366	2	
115	2368	2	
116	2370	2	
117	2374	2	
118	2376	2	
119	2378	2	
120	2493	2	
121	2503	2	
122	2510	2	
123	2511	2	
124	2512	2	
125	2513	2	
126	2514	2	
127	2515	2	
128	2517	2	
129	2518	2	
130	2543	2	
131	2546	2	
132	2549	2	
133	2552	2	
134	2565	2	
135	2664	2	
136	2707	2	
137	2718	2	
138	2765	2	
139	2811	2	
140	2815	2	
141	2816	2	
142	2817	2	
143	2818	2	
144	2819	2	
145	2821	2	
146	2822	2	
147	2823	3	
148	2828	2	
149	2873	2	
150	2874	2	
151	2875	2	
152	2876	2	
153	2878	2	
154	2882	2	
155	2986	2	
156	2987	2	
157	3052	2	
158	3054	2	
159	3055	2	
160	3109	2	
161	3115	2	
162	3119	2	
163	3121	2	
164	3143	2	
165	3150	2	
166	3152	2	
167	3155	2	
168	3156	3	
169	3157	3	
170	3158	2	
171	3160	2	
172	3161	2	
173	3162	2	
174	3171	2	
175	3176	2	
176	3217	2	
177	3223	2	
178	3225	3	
179	3226	3	
180	3227	3	
181	3228	2	
182	3229	2	
183	3232	2	
184	3238	2	
185	3241	2	
186	3304	2	
187	3317	2	
188	3318	2	
189	3319	2	
190	3320	2	
191	3322	2	
192	3324	2	
193	3326	2	
194	3386	2	
195	3392	2	
196	3393	2	
197	3394	2	
198	3395	2	
199	3398	2	
200	3401	2	
201	3407	2	
202	3424	2	
203	3437	2	
204	3483	2	
205	3484	2	
206	3488	2	
207	3561	2	
208	3563	2	
209	3565	2	
210	3566	2	
211	3567	2	
212	3568	2	
213	3570	2	
214	3661	2	
215	3748	2	
216	3795	2	
217	3799	2	
218	3802	2	
219	3815	2	
220	3831	2	
221	3834	2	
222	3838	2	
223	3839	2	
224	3840	2	
225	3842	2	
226	3843	2	
227	3845	2	
228	3859	2	
229	3871	2	
230	3919	2	
231	3930	2	
232	3932	2	
233	3933	2	
234	3934	2	
235	3935	2	
236	3941	2	
237	3942	2	
238	3961	2	
239	3974	2	
240	4016	2	
241	4019	2	
242	4023	2	
243	4112	2	
244	4116	2	
245	4157	2	
246	4180	2	
247	4190	2	
248	4192	2	
249	4196	2	
250	4197	2	
251	4198	2	
252	4199	2	
253	4200	2	
254	4201	2	
255	4206	2	
256	4297	2	
257	4299	2	
258	4304	2	
259	4305	2	
260	4306	2	
261	4319	2	
262	4321	2	
263	4342	2	
264	4359	2	
265	4373	2	
266	4377	2	
267	4381	2	
268	4384	2	
269	4385	2	
270	4386	2	
271	4387	2	
272	4388	2	
273	4391	2	
274	4488	2	
275	4492	2	
276	4495	2	
277	4500	2	
278	4576	2	
279	4577	2	
280	4580	2	
281	4581	2	
282	4675	2	
283	4685	2	
284	4687	2	
285	4688	2	
286	4689	2	
287	4691	2	
288	4697	2	
289	4753	2	
290	4768	2	
291	4772	2	
292	4773	2	
293	4781	2	
294	4804	2	
295	4879	2	
296	4880	2	
297	4883	2	
298	4925	2	
299	4957	2	
300	4958	2	
301	5068	2	
302	5073	2	
303	5312	2	
304	5318	2	
305	5339	2	
306	5342	2	
307	5343	2	
308	5344	2	
309	5347	2	
310	5355	2	
311	5388	2	
312	5390	2	
313	5407	2	
314	5411	2	
315	5415	2	
316	5436	2	
317	5465	2	
318	5474	2	
319	5475	2	
320	5487	2	
321	5506	2	
322	5533	2	
323	5546	2	
324	5600	2	
325	5607	2	
326	5608	2	
327	5610	2	
328	5612	2	
329	5615	2	
330	5622	2	
331	5683	2	
332	5698	2	
333	5713	2	
334	5717	2	
335	5720	2	
336	5726	2	
337	5728	2	
338	5732	2	
339	5736	2	
340	5754	2	
341	5755	2	
342	5791	2	
343	5798	2	
344	5802	2	
345	5809	2	
346	5816	2	
347	5817	2	
348	5818	2	
349	5820	2	
350	5828	2	
351	5829	2	
352	5834	2	
353	5835	3	
354	5836	2	
355	5837	2	
356	5843	2	
357	5846	2	
358	5861	2	
359	5889	2	
360	5896	2	
361	5917	2	
362	6013	2	
363	6016	2	
364	6040	2	
365	6041	2	
366	6044	2	
367	6047	2	
368	6048	2	
369	6052	2	
370	6053	2	
371	6067	2	
372	6093	2	
373	6127	2	
374	6136	2	
375	6179	2	
376	6216	2	
377	6217	2	
378	6222	2	
379	6226	2	
380	6247	2	
381	6254	2	
382	6255	2	
383	6263	2	
384	6336	2	
385	6397	2	
386	6432	2	
387	6477	2	
388	6519	2	
389	6527	2	
390	6593	2	
391	6596	2	
392	6635	2	
393	6640	2	
394	6648	2	
395	6688	2	
396	6691	2	
397	6694	2	
398	6728	2	
399	6740	2	
400	6743	2	
401	7007	2	
402	7057	2	
403	7071	2	
404	7076	2	
405	7089	2	
406	7134	2	
407	7138	2	
408	7173	2	
409	7174	2	
410	7184	2	
411	7188	2	
412	7204	2	
413	7391	2	
414	7395	2	
415	7397	2	
416	7400	2	
417	7460	2	
418	7463	2	
419	7465	2	
420	7480	2	
421	7504	2	
422	7594	2	
423	7609	2	
424	7622	2	
425	7625	2	
426	7626	2	
427	7894	2	
428	7936	2	
429	7961	2	
430	7962	2	
431	7967	2	
432	8024	2	
433	8043	2	
434	8054	2	
435	8056	2	
436	8075	2	
437	8092	2	
438	8100	2	
439	8326	2	
440	8327	2	
441	8329	2	
442	8346	2	
443	8347	2	
444	8356	2	
445	8358	2	
446	8359	2	
447	8365	2	
448	8375	2	
449	8386	2	
450	8388	2	
451	8393	2	
452	8404	2	
453	8417	2	
454	8473	2	
455	8475	2	
456	8476	2	
457	8477	2	
458	8495	2	
459	8506	2	
460	8522	2	
461	8551	2	
462	8574	2	
463	8575	2	
464	8590	2	
465	8617	2	
466	8766	2	
467	8789	2	
468	8812	2	
469	8865	2	
470	8954	2	
471	8997	2	
472	9015	2	
473	9044	2	
474	9077	2	
475	9082	2	
476	9086	2	
477	9088	2	
478	9089	2	
479	9095	2	
480	9098	2	
481	9108	2	
482	9159	2	
483	9163	2	
484	9172	2	
485	9174	2	
486	9176	2	
487	9179	2	
488	9222	2	
489	9477	2	
490	9480	2	
491	9488	2	
492	9490	2	
493	9498	2	
494	9504	2	
495	9533	2	
496	9554	2	
497	9556	2	
498	9558	2	
499	9561	2	
500	9563	2	
501	9569	2	
502	9572	2	
503	9578	2	
504	9602	2	
505	9612	2	
506	9614	2	
507	9666	2	
508	9668	2	
509	9672	2	
510	9673	2	
511	9681	2	
512	9683	2	
513	9693	2	
514	9696	2	
515	9725	2	
516	9732	2	
517	9766	2	
518	9771	2	
519	9855	2	
520	9883	2	
521	9909	2	
522	9910	2	
523	9919	2	
524	9926	2	
525	9930	2	
526	10017	2	
527	10037	2	
528	10052	2	
529	10067	2	
530	10082	2	
531	10102	2	
532	10196	2	
533	10199	2	
534	10244	2	
535	10273	2	
536	10282	2	
537	10285	2	
538	10307	2	
539	10309	2	
540	10314	2	
541	10321	2	
542	10343	2	
543	10386	2	
544	10396	2	
545	10483	2	
546	10661	2	
547	10669	2	
548	10676	2	
549	10718	2	
550	10733	2	
551	10734	2	
552	10738	2	
553	10743	2	
554	10745	2	
555	10747	2	
556	10750	2	
557	10752	2	
558	10754	2	
559	10755	2	
560	10756	2	
561	10757	2	
562	10759	2	
563	10760	2	
564	10762	2	
565	10766	2	
566	10776	2	
567	10780	2	
568	10784	2	
569	10796	2	
570	10798	2	
571	10808	2	
572	10813	2	
573	10818	2	
574	10824	2	
575	10859	2	
576	10862	2	
577	10872	2	
578	10895	2	
579	10906	2	
580	10925	2	
581	10966	2	
582	10975	2	
583	10986	2	
584	10988	2	
585	10990	2	
586	10995	2	
587	10996	2	
588	10997	2	
589	10999	2	
590	11000	2	
591	11002	2	
592	11005	2	
593	11006	2	
594	11007	2	
595	11008	2	
596	11009	2	
597	11010	2	
598	11011	2	
599	11012	2	
600	11013	2	
601	11016	2	
602	11019	2	
603	11021	2	
604	11023	2	
605	11025	2	
606	11026	2	
607	11030	2	
608	11032	2	
609	11035	2	
610	11037	2	
611	11038	2	
612	11044	2	
613	11049	2	
614	11051	2	
615	11058	2	
616	11060	2	
617	11063	2	
618	11113	2	
619	11114	2	
620	11121	2	
621	11123	2	
622	11134	2	
623	11136	2	
624	11236	2	
625	11238	2	
626	11243	2	
627	11247	2	
628	11248	2	
629	11250	2	
630	11251	2	
631	11252	2	
632	11253	2	
633	11255	2	
634	11256	2	
635	11259	2	
636	11260	2	
637	11261	2	
638	11262	2	
639	11267	2	
640	11269	2	
641	11271	2	
642	11274	2	
643	11279	2	
644	11291	2	
645	11500	2	
646	11501	2	
647	11503	2	
648	11505	2	
649	11506	3	
650	11507	2	
651	11508	3	
652	11509	2	
653	11510	2	
654	11513	2	
655	11517	2	
656	11521	2	
657	11524	2	
658	11638	2	
659	11682	2	
660	11685	2	
661	11739	2	
662	11741	2	
663	11744	2	
664	11746	2	
665	11748	2	
666	11749	3	
667	11750	3	
668	11751	9	
669	11752	8	
670	11753	5	
671	11754	4	
672	11756	2	
673	11757	3	
674	11759	3	
675	11760	3	
676	11762	2	
677	11763	2	
678	11764	2	
679	11765	2	
680	11766	2	
681	11767	2	
682	11768	2	
683	11770	2	
684	11772	2	
685	11773	2	
686	11777	2	
687	11780	2	
688	11782	2	
689	11789	2	
690	11802	2	
691	12001	2	
692	12007	2	
693	12008	2	
694	12009	2	
695	12011	2	
696	12012	2	
697	12013	2	
698	12015	4	
699	12016	4	
700	12017	3	
701	12018	7	
702	12019	8	
703	12020	9	
704	12021	8	
705	12022	6	
706	12023	7	
707	12024	7	
708	12025	6	
709	12026	5	
710	12027	6	
711	12028	6	
712	12029	5	
713	12030	3	
714	12031	3	
715	12032	2	
716	12033	4	
717	12034	3	
718	12036	2	
719	12038	2	
720	12039	3	
721	12040	2	
722	12041	2	
723	12043	2	
724	12048	2	
725	12064	2	
