This run aims to check if discrepancy is less than 0.0270
each row contains covering data for one orbit at phi, i.e. z = sin(phi), with the range of indices of directions corresponding to this orbit and the expected confidence radius at it. dtheta shows the amount that directions vary horizontally at this orbit.
 fd = first direction, ld = last direction, #d = number of directions 

number,	phi,                	expected radius,    	dtheta,             	covered phi,        	fd,    	ld,    	#d,    	

1,     	1.51643891695,      	0.015219913506,     	0.293604546086,     	1.503597084171,     	0,     	11,    	12,    	
2,     	1.470883885111,     	0.035940497385,     	0.371799101403,     	1.441039312061,     	12,    	21,    	10,    	
3,     	1.414003617076,     	0.030428113132,     	0.218814314706,     	1.386417802612,     	22,    	37,    	16,    	
4,     	1.360203712593,     	0.029676321535,     	0.161931092031,     	1.334424080973,     	38,    	59,    	22,    	
5,     	1.306874356089,     	0.031311862543,     	0.12215793135,      	1.279871033483,     	60,    	86,    	27,    	
6,     	1.252784714802,     	0.030948900818,     	0.100425305339,     	1.225645390926,     	87,    	116,   	30,    	
7,     	1.198508943755,     	0.031061073149,     	0.101923516531,     	1.171787257991,     	117,   	152,   	36,    	
8,     	1.149279159614,     	0.025829013491,     	0.085674585577,     	1.12578111137,      	153,   	194,   	42,    	
9,     	1.10939633917,      	0.018893683405,     	0.047405943527,     	1.09164346493,      	195,   	248,   	54,    	
10,    	1.077755351242,     	0.016008261951,     	0.053656366557,     	1.063052011651,     	249,   	316,   	68,    	
11,    	1.04046309236,      	0.025926189621,     	0.064395411332,     	1.018152422495,     	317,   	369,   	53,    	
12,    	1.002183732897,     	0.018373892591,     	0.05395595224,      	0.985029245432,     	370,   	435,   	66,    	
13,    	0.971882116775,     	0.015246201449,     	0.03682369627,      	0.956007320692,     	436,   	513,   	78,    	
14,    	0.937181913801,     	0.021649415722,     	0.049306146469,     	0.917982123049,     	514,   	583,   	70,    	
15,    	0.902728397291,     	0.017574392705,     	0.03563806734,      	0.886671677552,     	584,   	667,   	84,    	
16,    	0.87295563895,      	0.015851571598,     	0.047519410646,     	0.858192589259,     	668,   	749,   	82,    	
17,    	0.848975725487,     	0.011012749797,     	0.040049084385,     	0.842963276385,     	750,   	855,   	106,   	
18,    	0.832094424206,     	0.012552710528,     	0.036857909274,     	0.820326806864,     	856,   	953,   	98,    	
19,    	0.809362980591,     	0.013862826297,     	0.039821094675,     	0.797952989998,     	954,   	1057,  	104,   	
20,    	0.787704542166,     	0.01182168046,      	0.037539130024,     	0.78518717804,      	1058,  	1157,  	100,   	
21,    	0.770211861323,     	0.017259328472,     	0.031996836512,     	0.754618077929,     	1158,  	1252,  	95,    	
22,    	0.74279696828,      	0.013642904375,     	0.02737929974,      	0.731003047865,     	1253,  	1362,  	110,   	
23,    	0.716017360398,     	0.017288368047,     	0.034237142292,     	0.701077329588,     	1363,  	1460,  	98,    	
24,    	0.689039860801,     	0.013883999382,     	0.033674232101,     	0.676062819927,     	1461,  	1570,  	110,   	
25,    	0.659304630426,     	0.019341692773,     	0.03487429072,      	0.642589954594,     	1571,  	1673,  	103,   	
26,    	0.631851110661,     	0.012387398301,     	0.034919169893,     	0.620675263008,     	1674,  	1787,  	114,   	
27,    	0.60951887198,      	0.012875966401,     	0.028019273048,     	0.598279133676,     	1788,  	1897,  	110,   	
28,    	0.58691033864,      	0.015670175936,     	0.031087236944,     	0.57335970605,      	1898,  	2016,  	119,   	
29,    	0.560872765101,     	0.014455952337,     	0.026838871217,     	0.54725830579,      	2017,  	2133,  	117,   	
30,    	0.533852912393,     	0.015480190497,     	0.027436703272,     	0.520464113568,     	2134,  	2256,  	123,   	
31,    	0.507662400106,     	0.014789412616,     	0.028802146394,     	0.494693547773,     	2257,  	2373,  	117,   	
32,    	0.484261829963,     	0.012083495403,     	0.027297913355,     	0.4828680907,       	2374,  	2503,  	130,   	
33,    	0.470246805775,     	0.014584673415,     	0.027335787542,     	0.467333913541,     	2504,  	2629,  	126,   	
34,    	0.454824402423,     	0.014490603418,     	0.026055386737,     	0.442242542328,     	2630,  	2753,  	124,   	
35,    	0.430567499403,     	0.013528919473,     	0.029904151675,     	0.417745945269,     	2754,  	2883,  	130,   	
36,    	0.403977286368,     	0.01596604997,      	0.02994653978,      	0.389575877982,     	2884,  	3006,  	123,   	
37,    	0.374319578139,     	0.017615441015,     	0.026527543842,     	0.35907900265,      	3007,  	3140,  	134,   	
38,    	0.344085140064,     	0.017322569331,     	0.031812414391,     	0.329021985923,     	3141,  	3266,  	126,   	
39,    	0.314347973849,     	0.017615587104,     	0.027151119449,     	0.299104645429,     	3267,  	3400,  	134,   	
40,    	0.285099065929,     	0.016200033634,     	0.02628450238,      	0.271441680204,     	3401,  	3529,  	129,   	
41,    	0.25877692973,      	0.014666342569,     	0.028971868047,     	0.245791869548,     	3530,  	3663,  	134,   	
42,    	0.231548401724,     	0.016476472919,     	0.02693129166,      	0.217287036129,     	3664,  	3798,  	135,   	
43,    	0.201685930457,     	0.018007256857,     	0.029160770958,     	0.186099055209,     	3799,  	3932,  	134,   	
44,    	0.169663633248,     	0.018971259723,     	0.022234860014,     	0.153241255135,     	3933,  	4071,  	139,   	
45,    	0.142157245421,     	0.012811188452,     	0.025382783347,     	0.135968476607,     	4072,  	4213,  	142,   	
46,    	0.125194168036,     	0.015593543294,     	0.023035978938,     	0.111693315203,     	4214,  	4351,  	138,   	
47,    	0.098286946516,     	0.015507499146,     	0.02537912809,      	0.091871152287,     	4352,  	4498,  	147,   	
48,    	0.080373842419,     	0.01432478087,      	0.026062963503,     	0.069500492439,     	4499,  	4643,  	145,   	
49,    	0.059613626563,     	0.01145649795,      	0.017641198873,     	0.054596177939,     	4644,  	4804,  	161,   	
50,    	0.043526868688,     	0.012783132342,     	0.021660066801,     	0.033673775484,     	4805,  	4959,  	155,   	
51,    	0.023006922597,     	0.012352501935,     	0.032286358832,     	0.013157275325,     	4960,  	5105,  	146,   	
52,    	0.005092465451,     	0.00937189769,      	0.023400045368,     	-0.002648569372,    	5106,  	5317,  	212,   	
