This run aims to check if discrepancy is less than 0.0079
each row contains covering data for one orbit at phi, i.e. z = sin(phi), with the range of indices of directions corresponding to this orbit and the expected confidence radius at it. dtheta shows the amount that directions vary horizontally at this orbit.
 fd = first direction, ld = last direction, #d = number of directions 

number,	phi,                	expected radius,    	dtheta,             	covered phi,        	fd,    	ld,    	#d,    	

1,     	1.554748894722,     	0.005053599095,     	0.319367731828,     	1.550572505395,     	0,     	10,    	11,    	
2,     	1.540895144451,     	0.010866479828,     	0.37013631845,      	1.531979395851,     	11,    	20,    	10,    	
3,     	1.523446739896,     	0.009612753343,     	0.203443170972,     	1.515365863738,     	21,    	37,    	17,    	
4,     	1.507211481007,     	0.009531916623,     	0.150150693588,     	1.499100594555,     	38,    	59,    	22,    	
5,     	1.490892079045,     	0.009490165318,     	0.119926010439,     	1.482804968264,     	60,    	87,    	28,    	
6,     	1.474773719272,     	0.009484279484,     	0.105818003614,     	1.466321764349,     	88,    	119,   	32,    	
7,     	1.458650578843,     	0.008876004183,     	0.08786630019,      	1.450881202174,     	120,   	157,   	38,    	
8,     	1.44265127169,      	0.009529618413,     	0.074587076945,     	1.434446866746,     	158,   	199,   	42,    	
9,     	1.426246618385,     	0.009387914901,     	0.071090125899,     	1.418067768703,     	200,   	246,   	47,    	
10,    	1.409871886041,     	0.009401614064,     	0.063706228666,     	1.401781964204,     	247,   	299,   	53,    	
11,    	1.394120025699,     	0.00891655881,      	0.05565876521,      	1.386222174517,     	300,   	358,   	59,    	
12,    	1.378204864914,     	0.009233515239,     	0.048245883003,     	1.370094548686,     	359,   	420,   	62,    	
13,    	1.362295169544,     	0.009066022662,     	0.047041439567,     	1.354451429282,     	421,   	488,   	68,    	
14,    	1.346434148341,     	0.009234793769,     	0.045176715331,     	1.338272531136,     	489,   	560,   	72,    	
15,    	1.330177706848,     	0.009357717021,     	0.041044432165,     	1.322093061407,     	561,   	637,   	77,    	
16,    	1.3136181241,       	0.00978238979,      	0.038462330427,     	1.305191745281,     	638,   	719,   	82,    	
17,    	1.296929809369,     	0.009529524651,     	0.037468965039,     	1.288717347522,     	720,   	806,   	87,    	
18,    	1.280174910677,     	0.00982342785,      	0.035602397988,     	1.2716984057,       	807,   	896,   	90,    	
19,    	1.262344721951,     	0.010755542351,     	0.036057599957,     	1.253075447229,     	897,   	984,   	88,    	
20,    	1.242823048121,     	0.011784576914,     	0.037447165899,     	1.232668210326,     	985,   	1070,  	86,    	
21,    	1.22290002336,      	0.011422146467,     	0.036048697652,     	1.212949304843,     	1071,  	1161,  	91,    	
22,    	1.204097059051,     	0.010326338018,     	0.02978723639,      	1.195161979933,     	1162,  	1266,  	105,   	
23,    	1.186687691801,     	0.009792224488,     	0.02820366888,      	1.177998321566,     	1267,  	1380,  	114,   	
24,    	1.170088416102,     	0.009209506147,     	0.024889491698,     	1.162010987488,     	1381,  	1503,  	123,   	
25,    	1.154082747534,     	0.009209280971,     	0.026662655315,     	1.146112936098,     	1504,  	1633,  	130,   	
26,    	1.138117328159,     	0.009230101622,     	0.023919332464,     	1.130019532159,     	1634,  	1766,  	133,   	
27,    	1.122379264828,     	0.008810305963,     	0.025591167023,     	1.11438974169,      	1767,  	1901,  	135,   	
28,    	1.106661843382,     	0.009106964893,     	0.024637677592,     	1.098727994768,     	1902,  	2041,  	140,   	
29,    	1.090322863876,     	0.0096838462,       	0.020952060895,     	1.081958832443,     	2042,  	2185,  	144,   	
30,    	1.07351199144,      	0.009771535857,     	0.020484016755,     	1.065071515902,     	2186,  	2331,  	146,   	
31,    	1.057218725478,     	0.009126909503,     	0.020445692473,     	1.04933143545,      	2332,  	2480,  	149,   	
32,    	1.040838947391,     	0.009833353213,     	0.021388956099,     	1.032343576822,     	2481,  	2631,  	151,   	
33,    	1.023638697872,     	0.010046922736,     	0.021203376766,     	1.01495844674,      	2632,  	2782,  	151,   	
34,    	1.00634139323,      	0.009965913979,     	0.018629699744,     	0.997630429136,     	2783,  	2934,  	152,   	
35,    	0.988393162663,     	0.010763733823,     	0.020453681613,     	0.979093395686,     	2935,  	3086,  	152,   	
36,    	0.969899968151,     	0.010646640607,     	0.020641436243,     	0.96070029139,      	3087,  	3244,  	158,   	
37,    	0.952017139932,     	0.010045603812,     	0.019320884428,     	0.943335034237,     	3245,  	3414,  	170,   	
38,    	0.935068110047,     	0.009534635471,     	0.018543657207,     	0.926826210798,     	3415,  	3594,  	180,   	
39,    	0.919474281022,     	0.008766766284,     	0.016042600868,     	0.911894593177,     	3595,  	3778,  	184,   	
40,    	0.904712201805,     	0.008301935038,     	0.018465849159,     	0.897051904219,     	3779,  	3964,  	186,   	
41,    	0.888814771769,     	0.009601514882,     	0.018608014921,     	0.880513745132,     	3965,  	4154,  	190,   	
42,    	0.872455248616,     	0.00932363616,      	0.017345460278,     	0.864393629043,     	4155,  	4353,  	199,   	
43,    	0.858127221197,     	0.007234784963,     	0.01649264645,      	0.851465694127,     	4354,  	4554,  	201,   	
44,    	0.844984898494,     	0.007474737676,     	0.014235784751,     	0.838208746257,     	4555,  	4758,  	204,   	
45,    	0.830408480638,     	0.009010145652,     	0.014353972137,     	0.822616518178,     	4759,  	4965,  	207,   	
46,    	0.815657226216,     	0.008042355543,     	0.016450510755,     	0.808630776234,     	4966,  	5176,  	211,   	
47,    	0.803478865652,     	0.005946194116,     	0.015501515672,     	0.797759020815,     	5177,  	5400,  	224,   	
48,    	0.790429712247,     	0.008501206429,     	0.014270705006,     	0.783076532442,     	5401,  	5630,  	230,   	
49,    	0.777634656073,     	0.006450299967,     	0.014100384171,     	0.771715509514,     	5631,  	5856,  	226,   	
50,    	0.765841551646,     	0.006805176753,     	0.014616040727,     	0.7599536397,       	5857,  	6074,  	218,   	
51,    	0.752350991199,     	0.008783266478,     	0.015184015386,     	0.744753436534,     	6075,  	6298,  	224,   	
52,    	0.736675225734,     	0.009323387263,     	0.015241659336,     	0.728610732505,     	6299,  	6524,  	226,   	
53,    	0.723282276428,     	0.006169983849,     	0.014523976766,     	0.717576001905,     	6525,  	6762,  	238,   	
54,    	0.711652573736,     	0.006915308118,     	0.013992036386,     	0.705654311695,     	6763,  	7007,  	245,   	
55,    	0.700372135268,     	0.006124874326,     	0.01530867088,      	0.694242415889,     	7008,  	7242,  	235,   	
56,    	0.688458362215,     	0.006704152103,     	0.014811749558,     	0.682251939945,     	7243,  	7481,  	239,   	
57,    	0.675368139445,     	0.007954758384,     	0.011772367226,     	0.668468423612,     	7482,  	7725,  	244,   	
58,    	0.662808008415,     	0.00653285878,      	0.013393993448,     	0.65672880192,      	7726,  	7979,  	254,   	
59,    	0.648957409984,     	0.009130315023,     	0.012662125454,     	0.641058174915,     	7980,  	8230,  	251,   	
60,    	0.634409523149,     	0.007675724464,     	0.011667923346,     	0.627767537779,     	8231,  	8484,  	254,   	
61,    	0.621235082928,     	0.007584255883,     	0.012797831346,     	0.614403294094,     	8485,  	8734,  	250,   	
62,    	0.608448921526,     	0.006905556842,     	0.013734132526,     	0.602095408092,     	8735,  	8985,  	251,   	
63,    	0.594813971354,     	0.008532039737,     	0.0126565644,       	0.587431119638,     	8986,  	9241,  	256,   	
64,    	0.579948683515,     	0.008642052714,     	0.013035489869,     	0.572470515591,     	9242,  	9500,  	259,   	
65,    	0.565523166814,     	0.00801885523,      	0.011301504843,     	0.558583698742,     	9501,  	9765,  	265,   	
66,    	0.551244218527,     	0.008470529092,     	0.011833945817,     	0.543913995501,     	9766,  	10034, 	269,   	
67,    	0.536347821982,     	0.008759795112,     	0.011996558063,     	0.528767270585,     	10035, 	10306, 	272,   	
68,    	0.521458348675,     	0.008581518995,     	0.01207155337,      	0.514031778208,     	10307, 	10580, 	274,   	
69,    	0.506760697082,     	0.008408742495,     	0.012361278003,     	0.499483375924,     	10581, 	10856, 	276,   	
70,    	0.491943234765,     	0.008901358604,     	0.011113852584,     	0.48423968893,      	10857, 	11135, 	279,   	
71,    	0.477155877844,     	0.00818775462,      	0.012554853318,     	0.46986971214,      	11136, 	11412, 	277,   	
72,    	0.461950129407,     	0.00916632543,      	0.011943254184,     	0.454017032362,     	11413, 	11690, 	278,   	
73,    	0.447190899279,     	0.007906767953,     	0.011231551086,     	0.439698782812,     	11691, 	11968, 	278,   	
74,    	0.432745101248,     	0.008030232789,     	0.01228697616,      	0.42542990005,      	11969, 	12250, 	282,   	
75,    	0.417032915006,     	0.009797896398,     	0.010716394213,     	0.408552936189,     	12251, 	12532, 	282,   	
76,    	0.40134014284,      	0.008327202858,     	0.012212348452,     	0.393901269741,     	12533, 	12818, 	286,   	
77,    	0.386677165909,     	0.008533299494,     	0.011829304989,     	0.379290773093,     	12819, 	13105, 	287,   	
78,    	0.37263612098,      	0.007690340697,     	0.012356200049,     	0.365449072251,     	13106, 	13396, 	291,   	
79,    	0.358559635922,     	0.007978510828,     	0.011657268144,     	0.351460781721,     	13397, 	13689, 	293,   	
80,    	0.344020049854,     	0.008601584524,     	0.011059628406,     	0.336574126677,     	13690, 	13988, 	299,   	
81,    	0.329418213312,     	0.008282936056,     	0.009936319179,     	0.322135059542,     	13989, 	14290, 	302,   	
82,    	0.315020449279,     	0.008312083655,     	0.008742319279,     	0.307824746634,     	14291, 	14595, 	305,   	
83,    	0.300501737156,     	0.008473005736,     	0.011131242245,     	0.293116859121,     	14596, 	14901, 	306,   	
84,    	0.285801449702,     	0.00846901271,      	0.010478615698,     	0.278469660269,     	14902, 	15208, 	307,   	
85,    	0.270996090697,     	0.008656598075,     	0.011213908292,     	0.26333913941,      	15209, 	15516, 	308,   	
86,    	0.256170504591,     	0.008305364961,     	0.010680216662,     	0.248980064709,     	15517, 	15825, 	309,   	
87,    	0.241687208389,     	0.008463822459,     	0.011115588725,     	0.234146550763,     	15826, 	16132, 	307,   	
88,    	0.227012927798,     	0.008248572247,     	0.00941941144,      	0.219610418929,     	16133, 	16439, 	307,   	
89,    	0.21192434618,      	0.008908095613,     	0.010104781844,     	0.204211792338,     	16440, 	16745, 	306,   	
90,    	0.196549513177,     	0.009072637511,     	0.009250782125,     	0.18869437348,      	16746, 	17050, 	305,   	
91,    	0.181147749199,     	0.008721023268,     	0.011350358936,     	0.173560601899,     	17051, 	17357, 	307,   	
92,    	0.166335547429,     	0.0083810295,       	0.010378107728,     	0.158914610483,     	17358, 	17666, 	309,   	
93,    	0.151873857141,     	0.00814483583,      	0.011167460463,     	0.144575126503,     	17667, 	17979, 	313,   	
94,    	0.137505332967,     	0.008176985786,     	0.010758972797,     	0.130424972696,     	17980, 	18295, 	316,   	
95,    	0.122923487112,     	0.008674973489,     	0.009730849602,     	0.115411854714,     	18296, 	18613, 	318,   	
96,    	0.108549394355,     	0.007923249725,     	0.009205242141,     	0.101616464477,     	18614, 	18937, 	324,   	
97,    	0.09424039076,      	0.008521786415,     	0.008758848981,     	0.0868611207,       	18938, 	19263, 	326,   	
98,    	0.080630698492,     	0.007195139493,     	0.010750698078,     	0.074064958039,     	19264, 	19590, 	327,   	
99,    	0.066800896988,     	0.008388895233,     	0.00899135742,      	0.059536446483,     	19591, 	19916, 	326,   	
100,   	0.052022011423,     	0.008723679586,     	0.008735525089,     	0.044467530653,     	19917, 	20239, 	323,   	
101,   	0.038795943017,     	0.006562787598,     	0.010583519484,     	0.033112590742,     	20240, 	20566, 	327,   	
102,   	0.027604170333,     	0.006401728267,     	0.008259504223,     	0.02206023334,      	20567, 	20899, 	333,   	
103,   	0.015970143889,     	0.007048394605,     	0.008847317349,     	0.009866128892,     	20900, 	21246, 	347,   	
104,   	0.005144491459,     	0.005471149636,     	0.00947384233,      	0.000406344464,     	21247, 	21595, 	349,   	
105,   	0,                  	0.005244993476,     	0.007703188063,     	-0.004542308057,    	21596, 	22036, 	441,   	
