This run aims to check if discrepancy is less than 0.0067
each row contains covering data for one orbit at phi, i.e. z = sin(phi), with the range of indices of directions corresponding to this orbit and the expected confidence radius at it. dtheta shows the amount that directions vary horizontally at this orbit.
 fd = first direction, ld = last direction, #d = number of directions 

number,	phi,                	expected radius,    	dtheta,             	covered phi,        	fd,    	ld,    	#d,    	

1,     	1.557027790343,     	0.004143523544,     	0.313349977565,     	1.553479486519,     	0,     	11,    	12,    	
2,     	1.545156198607,     	0.009184440976,     	0.364419312639,     	1.537612916409,     	12,    	21,    	10,    	
3,     	1.530430337729,     	0.008233461359,     	0.206011463231,     	1.52350560344,      	22,    	38,    	17,    	
4,     	1.516457434915,     	0.008221896355,     	0.156045949228,     	1.509450191121,     	39,    	60,    	22,    	
5,     	1.502480277433,     	0.008319081179,     	0.125103201071,     	1.49537106412,      	61,    	87,    	27,    	
6,     	1.488533733553,     	0.007959744237,     	0.097081888052,     	1.481696325898,     	88,    	120,   	33,    	
7,     	1.474576118279,     	0.008157378945,     	0.085462408534,     	1.467570520879,     	121,   	158,   	38,    	
8,     	1.460961185334,     	0.007818165732,     	0.07511213296,      	1.454028548152,     	159,   	201,   	43,    	
9,     	1.447241001113,     	0.008008829101,     	0.06561424929,      	1.440369692808,     	202,   	250,   	49,    	
10,    	1.433312178368,     	0.008186635241,     	0.06314791851,      	1.426260829441,     	251,   	303,   	53,    	
11,    	1.419277645917,     	0.008110182322,     	0.054959525987,     	1.412229267077,     	304,   	361,   	58,    	
12,    	1.405418194793,     	0.008046452488,     	0.048882236802,     	1.398485628011,     	362,   	425,   	64,    	
13,    	1.391972405482,     	0.007493802493,     	0.048840883872,     	1.385141809133,     	426,   	494,   	69,    	
14,    	1.378080772154,     	0.008169018344,     	0.044702163523,     	1.371018371023,     	495,   	567,   	73,    	
15,    	1.36433825637,      	0.007679550081,     	0.037875665853,     	1.357589247283,     	568,   	646,   	79,    	
16,    	1.350617505796,     	0.008140729122,     	0.038570585659,     	1.343604405914,     	647,   	729,   	83,    	
17,    	1.336904219803,     	0.007833093602,     	0.038546942955,     	1.330152720996,     	730,   	817,   	88,    	
18,    	1.323249189456,     	0.008012374564,     	0.035741385612,     	1.31620096697,      	818,   	909,   	92,    	
19,    	1.308873260432,     	0.008479948466,     	0.032799732034,     	1.301541317882,     	910,   	1003,  	94,    	
20,    	1.29377168035,      	0.008963546835,     	0.033013935581,     	1.285976214098,     	1004,  	1096,  	93,    	
21,    	1.277777011617,     	0.009538049805,     	0.034243765784,     	1.269472610551,     	1097,  	1187,  	91,    	
22,    	1.260753502558,     	0.010047509055,     	0.034047742833,     	1.252091422841,     	1188,  	1282,  	95,    	
23,    	1.244233972858,     	0.00913719101,      	0.028484458683,     	1.236351693158,     	1283,  	1391,  	109,   	
24,    	1.228874528591,     	0.008726573298,     	0.026360181069,     	1.221237708449,     	1392,  	1508,  	117,   	
25,    	1.213389543656,     	0.009123386871,     	0.027228378306,     	1.205469184347,     	1509,  	1626,  	118,   	
26,    	1.196945352098,     	0.009822320938,     	0.027587286347,     	1.188469647116,     	1627,  	1739,  	113,   	
27,    	1.17984869996,      	0.009928713043,     	0.028179532329,     	1.171126405559,     	1740,  	1854,  	115,   	
28,    	1.163570627366,     	0.008752252935,     	0.025170632384,     	1.15590370496,      	1855,  	1988,  	134,   	
29,    	1.148749331711,     	0.008243737011,     	0.022233045736,     	1.141504595576,     	1989,  	2132,  	144,   	
30,    	1.134944450178,     	0.007559946919,     	0.022313304879,     	1.127777388896,     	2133,  	2281,  	149,   	
31,    	1.121317861483,     	0.007516787666,     	0.019099343083,     	1.114430560649,     	2282,  	2433,  	152,   	
32,    	1.107584203586,     	0.007925738673,     	0.020568865547,     	1.100707461806,     	2434,  	2590,  	157,   	
33,    	1.094067943679,     	0.007817557373,     	0.018157153412,     	1.087161302163,     	2591,  	2752,  	162,   	
34,    	1.079761279897,     	0.008600864347,     	0.018240242171,     	1.072329960508,     	2753,  	2919,  	167,   	
35,    	1.065107633619,     	0.008351716502,     	0.017241219308,     	1.057868855808,     	2920,  	3088,  	169,   	
36,    	1.050502104416,     	0.008640578601,     	0.017380952004,     	1.04303538619,      	3089,  	3257,  	169,   	
37,    	1.035505794921,     	0.008703053449,     	0.017061974845,     	1.027984647203,     	3258,  	3425,  	168,   	
38,    	1.019808844268,     	0.009501100068,     	0.018148438,        	1.011598952664,     	3426,  	3592,  	167,   	
39,    	1.00353361105,      	0.009383922735,     	0.018072662699,     	0.995424113216,     	3593,  	3765,  	173,   	
40,    	0.988322452084,     	0.008237988515,     	0.016147838346,     	0.981071063327,     	3766,  	3951,  	186,   	
41,    	0.9737828807,       	0.008433080374,     	0.01500094935,      	0.966492653488,     	3952,  	4147,  	196,   	
42,    	0.959622539467,     	0.007994875498,     	0.015396660287,     	0.952636655201,     	4148,  	4349,  	202,   	
43,    	0.945492101791,     	0.008274150476,     	0.016103275566,     	0.938338290347,     	4350,  	4557,  	208,   	
44,    	0.931138712277,     	0.008316911844,     	0.016033166162,     	0.923947635304,     	4558,  	4770,  	213,   	
45,    	0.916942128869,     	0.008120024194,     	0.015412629185,     	0.90992069843,      	4771,  	4988,  	218,   	
46,    	0.903675098107,     	0.007228932697,     	0.013916429769,     	0.897336802605,     	4989,  	5212,  	224,   	
47,    	0.890701892713,     	0.007667580394,     	0.015037044541,     	0.884062810666,     	5213,  	5441,  	229,   	
48,    	0.877399909545,     	0.007704722915,     	0.01490660954,      	0.870736319662,     	5442,  	5674,  	233,   	
49,    	0.864423397408,     	0.007349604337,     	0.013125045948,     	0.85798774464,      	5675,  	5914,  	240,   	
50,    	0.85181576136,      	0.007127592137,     	0.014389360027,     	0.845650314626,     	5915,  	6160,  	246,   	
51,    	0.839543095464,     	0.007051007369,     	0.012959151648,     	0.833443645531,     	6161,  	6402,  	242,   	
52,    	0.8269137386,       	0.00754697317,      	0.013019266582,     	0.82038557398,      	6403,  	6640,  	238,   	
53,    	0.813814669268,     	0.007596572855,     	0.01298417589,      	0.807243448112,     	6641,  	6880,  	240,   	
54,    	0.800484125621,     	0.007818110563,     	0.014463594445,     	0.79372128337,      	6881,  	7121,  	241,   	
55,    	0.786685530748,     	0.008131202921,     	0.012721780163,     	0.779651949681,     	7122,  	7366,  	245,   	
56,    	0.773755491725,     	0.006830635182,     	0.013842853059,     	0.767845663318,     	7367,  	7614,  	248,   	
57,    	0.763095572031,     	0.005481496964,     	0.011182228076,     	0.758196188129,     	7615,  	7867,  	253,   	
58,    	0.751519402377,     	0.00776410305,      	0.01232753555,      	0.744802499432,     	7868,  	8126,  	259,   	
59,    	0.737753560277,     	0.008141670238,     	0.012660346764,     	0.730710159907,     	8127,  	8386,  	260,   	
60,    	0.725232374376,     	0.006353743871,     	0.011902533478,     	0.719661226209,     	8387,  	8654,  	268,   	
61,    	0.714787008923,     	0.005664661683,     	0.010482372927,     	0.709566992277,     	8655,  	8931,  	277,   	
62,    	0.704260776959,     	0.006197874407,     	0.012650593447,     	0.698779940817,     	8932,  	9203,  	272,   	
63,    	0.693509073582,     	0.006082096312,     	0.012223953472,     	0.68796126118,      	9204,  	9471,  	268,   	
64,    	0.682080470177,     	0.006789726743,     	0.012583272662,     	0.676205051726,     	9472,  	9742,  	271,   	
65,    	0.671411310416,     	0.00554948745,      	0.010312286369,     	0.666313067817,     	9743,  	10025, 	283,   	
66,    	0.66157853177,      	0.005470144167,     	0.011529743794,     	0.656645355391,     	10026, 	10315, 	290,   	
67,    	0.649684014754,     	0.008044020435,     	0.011601034172,     	0.642723796002,     	10316, 	10598, 	283,   	
68,    	0.636299800813,     	0.007497003117,     	0.011427055667,     	0.629812365996,     	10599, 	10887, 	289,   	
69,    	0.624965202992,     	0.005595712533,     	0.011334798899,     	0.619672712146,     	10888, 	11172, 	285,   	
70,    	0.61465294981,      	0.005818046007,     	0.010643292589,     	0.609281169652,     	11173, 	11459, 	287,   	
71,    	0.604246147636,     	0.005833036303,     	0.01092351061,      	0.599193531251,     	11460, 	11754, 	295,   	
72,    	0.593445021354,     	0.006643689407,     	0.010481623383,     	0.587592624368,     	11755, 	12055, 	301,   	
73,    	0.581671215557,     	0.006860462107,     	0.011799721779,     	0.575562023042,     	12056, 	12356, 	301,   	
74,    	0.569658172117,     	0.006822198981,     	0.011034339838,     	0.563398395435,     	12357, 	12654, 	298,   	
75,    	0.556439524241,     	0.008031665903,     	0.010294482482,     	0.549488875583,     	12655, 	12952, 	298,   	
76,    	0.543421439069,     	0.007404286508,     	0.009482713675,     	0.536899696277,     	12953, 	13252, 	300,   	
77,    	0.530381996082,     	0.007540365499,     	0.008824771312,     	0.523855985089,     	13253, 	13559, 	307,   	
78,    	0.517483718981,     	0.007353982154,     	0.010364202913,     	0.511118802935,     	13560, 	13871, 	312,   	
79,    	0.504627788492,     	0.007494395264,     	0.010637331329,     	0.498112452669,     	13872, 	14182, 	311,   	
80,    	0.491549031941,     	0.007577925072,     	0.010147452228,     	0.484990167884,     	14183, 	14494, 	312,   	
81,    	0.47862139332,      	0.007375262537,     	0.010430924849,     	0.472209471832,     	14495, 	14809, 	315,   	
82,    	0.466587319005,     	0.006502146089,     	0.010407340483,     	0.460467622823,     	14810, 	15127, 	318,   	
83,    	0.453782949256,     	0.007727610286,     	0.010697739133,     	0.447094249846,     	15128, 	15449, 	322,   	
84,    	0.440277028554,     	0.007870199743,     	0.010479986184,     	0.433464848273,     	15450, 	15772, 	323,   	
85,    	0.427656972141,     	0.006708992481,     	0.009890771411,     	0.421468642709,     	15773, 	16100, 	328,   	
86,    	0.414609485798,     	0.007924510736,     	0.010525747012,     	0.40775007713,      	16101, 	16428, 	328,   	
87,    	0.401257926199,     	0.007519999599,     	0.009811438242,     	0.394748383857,     	16429, 	16757, 	329,   	
88,    	0.388071278823,     	0.00774999279,      	0.010025049969,     	0.381362623943,     	16758, 	17089, 	332,   	
89,    	0.374598109874,     	0.007811811005,     	0.010686279344,     	0.367803135684,     	17090, 	17423, 	334,   	
90,    	0.361653299054,     	0.007105715917,     	0.009780295624,     	0.355422991829,     	17424, 	17761, 	338,   	
91,    	0.349775373369,     	0.006528103898,     	0.009929725655,     	0.343740633763,     	17762, 	18103, 	342,   	
92,    	0.33704392324,      	0.007755325854,     	0.009292275933,     	0.330330214981,     	18104, 	18446, 	343,   	
93,    	0.323860361923,     	0.007508706288,     	0.009683678512,     	0.317257942162,     	18447, 	18791, 	345,   	
94,    	0.310422740371,     	0.00797300364,      	0.009046656059,     	0.303520429205,     	18792, 	19137, 	346,   	
95,    	0.296629112327,     	0.007974169125,     	0.009466572544,     	0.2897256721,       	19138, 	19484, 	347,   	
96,    	0.283315581251,     	0.007400569417,     	0.009420959962,     	0.276893569643,     	19485, 	19834, 	350,   	
97,    	0.270531890633,     	0.007369956904,     	0.008937552246,     	0.264064228468,     	19835, 	20186, 	352,   	
98,    	0.257565143423,     	0.007540095115,     	0.008771511324,     	0.25102001118,      	20187, 	20538, 	352,   	
99,    	0.244104309808,     	0.00799954122,      	0.008570218774,     	0.237178459432,     	20539, 	20888, 	350,   	
100,   	0.230750043551,     	0.007429270235,     	0.009437600428,     	0.224179836725,     	20889, 	21242, 	354,   	
101,   	0.217449428607,     	0.007774270197,     	0.009697252572,     	0.210718348306,     	21243, 	21596, 	354,   	
102,   	0.204546618456,     	0.007133569659,     	0.009975073978,     	0.198214713431,     	21597, 	21950, 	354,   	
103,   	0.191563613363,     	0.007686526595,     	0.009986811255,     	0.184908285517,     	21951, 	22305, 	355,   	
104,   	0.178267233273,     	0.00767303645,      	0.009668652846,     	0.171623482155,     	22306, 	22660, 	355,   	
105,   	0.165047369103,     	0.007624391725,     	0.008647712183,     	0.158377810416,     	22661, 	23020, 	360,   	
106,   	0.151752966415,     	0.007685659218,     	0.009068316592,     	0.145023494956,     	23021, 	23380, 	360,   	
107,   	0.139183742011,     	0.00675154323,      	0.009513162662,     	0.132951601807,     	23381, 	23740, 	360,   	
108,   	0.126738796707,     	0.007174413816,     	0.00857674277,      	0.120353913978,     	23741, 	24099, 	359,   	
109,   	0.113899683905,     	0.007635046157,     	0.009671620312,     	0.107288341476,     	24100, 	24457, 	358,   	
110,   	0.101420049661,     	0.006786705862,     	0.009706156112,     	0.095543153393,     	24458, 	24816, 	359,   	
111,   	0.089056714659,     	0.007507068092,     	0.00981174927,      	0.082556001624,     	24817, 	25175, 	359,   	
112,   	0.076690720653,     	0.006937182282,     	0.0086030445,       	0.070495823203,     	25176, 	25540, 	365,   	
113,   	0.064546545485,     	0.006877814357,     	0.008327238147,     	0.058590542129,     	25541, 	25907, 	367,   	
114,   	0.052066590644,     	0.007730989527,     	0.009560833953,     	0.045371713319,     	25908, 	26277, 	370,   	
115,   	0.038915381926,     	0.007460879952,     	0.008612067035,     	0.03245431118,      	26278, 	26647, 	370,   	
116,   	0.026410919163,     	0.006985011643,     	0.007763711605,     	0.020361858076,     	26648, 	27025, 	378,   	
117,   	0.014588351673,     	0.006690467703,     	0.008195596524,     	0.008794296616,     	27026, 	27405, 	380,   	
118,   	0.004374092008,     	0.005115515923,     	0.008795862323,     	-5.6069848e-05,     	27406, 	27794, 	389,   	
