number	direction_ind	# of covercap	
0	164	2	
1	181	2	
2	251	2	
3	260	2	
4	265	2	
5	279	2	
6	310	2	
7	313	2	
8	467	2	
9	488	2	
10	497	2	
11	502	2	
12	563	2	
13	565	2	
14	649	2	
15	667	2	
16	668	2	
17	673	2	
18	689	2	
19	698	2	
20	699	2	
21	705	2	
22	706	2	
23	724	2	
24	725	2	
25	793	2	
26	806	2	
27	809	2	
28	810	2	
29	811	2	
30	812	2	
31	813	2	
32	841	2	
33	843	2	
34	873	2	
35	893	2	
36	907	2	
37	942	2	
38	997	2	
39	999	2	
40	1001	2	
41	1004	2	
42	1005	2	
43	1012	2	
44	1049	2	
45	1066	2	
46	1070	2	
47	1072	2	
48	1077	2	
49	1085	2	
50	1088	2	
51	1089	2	
52	1104	2	
53	1119	2	
54	1162	2	
55	1178	2	
56	1179	2	
57	1223	2	
58	1230	2	
59	1248	2	
60	1275	2	
61	1300	2	
62	1302	2	
63	1315	2	
64	1317	2	
65	1352	2	
66	1354	2	
67	1359	2	
68	1361	2	
69	1363	2	
70	1376	2	
71	1379	2	
72	1392	2	
73	1396	2	
74	1421	2	
75	1448	2	
76	1452	2	
77	1453	2	
78	1454	2	
79	1457	2	
80	1462	2	
81	1470	2	
82	1474	2	
83	1483	2	
84	1485	2	
85	1487	2	
86	1491	2	
87	1492	2	
88	1499	2	
89	1554	2	
90	1558	2	
91	1663	2	
92	1764	2	
93	1773	2	
94	1780	2	
95	1781	2	
96	1789	2	
97	1792	2	
98	1814	2	
99	1826	2	
100	1839	2	
101	1841	2	
102	1845	2	
103	1860	2	
104	1864	2	
105	1868	2	
106	1918	2	
107	1992	2	
108	2001	2	
109	2012	2	
110	2014	2	
111	2116	2	
112	2118	2	
113	2132	2	
114	2139	2	
115	2140	2	
116	2142	2	
117	2145	2	
118	2147	2	
119	2157	2	
120	2179	2	
121	2196	2	
122	2269	2	
123	2277	2	
124	2280	2	
125	2304	2	
126	2315	2	
127	2370	2	
128	2408	2	
129	2414	2	
130	2430	2	
131	2438	2	
132	2445	2	
133	2446	2	
134	2448	2	
135	2449	2	
136	2450	2	
137	2451	2	
138	2456	2	
139	2459	2	
140	2471	2	
141	2472	2	
142	2473	2	
143	2474	2	
144	2475	2	
145	2483	2	
146	2488	2	
147	2505	2	
148	2525	2	
149	2532	2	
150	2541	2	
151	2550	2	
152	2565	2	
153	2567	2	
154	2569	2	
155	2581	2	
156	2587	2	
157	2592	2	
158	2594	2	
159	2595	2	
160	2596	2	
161	2598	2	
162	2600	2	
163	2601	2	
164	2602	2	
165	2609	2	
166	2612	2	
167	2615	2	
168	2624	2	
169	2626	2	
170	2645	2	
171	2647	2	
172	2651	2	
173	2652	2	
174	2655	2	
175	2657	2	
176	2659	2	
177	2674	2	
178	2702	2	
179	2725	2	
180	2727	2	
181	2729	2	
182	2741	2	
183	2760	2	
184	2761	2	
185	2765	2	
186	2766	2	
187	2767	2	
188	2770	2	
189	2776	2	
190	2786	2	
191	2790	2	
192	2818	2	
193	2833	2	
194	2846	2	
195	2863	2	
196	2865	2	
197	2894	2	
198	2918	2	
199	2919	2	
200	2920	2	
201	2921	2	
202	2931	2	
203	2932	2	
204	2933	2	
205	3004	2	
206	3007	2	
207	3078	2	
208	3082	2	
209	3258	2	
210	3268	2	
211	3340	2	
212	3355	2	
213	3402	2	
214	3409	2	
215	3410	2	
216	3421	2	
217	3438	2	
218	3488	2	
219	3507	2	
220	3577	2	
221	3612	2	
222	3682	2	
223	3699	2	
224	3749	2	
225	3750	2	
226	3768	2	
227	3770	2	
228	3807	2	
229	3828	2	
230	3839	2	
231	3840	2	
232	3854	2	
233	3861	2	
234	3862	2	
235	3874	2	
236	3890	2	
237	4214	2	
238	4215	2	
239	4233	2	
240	4237	2	
241	4247	2	
242	4256	2	
243	4259	2	
244	4264	2	
245	4282	2	
246	4298	2	
247	4347	2	
248	4366	2	
249	4398	2	
250	4440	2	
251	4441	2	
252	4445	2	
253	4447	2	
254	4449	2	
255	4454	2	
256	4456	2	
257	4459	2	
258	4461	2	
259	4496	2	
260	4526	2	
261	4535	2	
262	4554	2	
263	4651	2	
264	4655	2	
265	4662	2	
266	4665	2	
267	4666	2	
268	4668	2	
269	4671	2	
270	4674	2	
271	4857	2	
272	4860	2	
273	4894	2	
274	5066	2	
275	5068	2	
276	5269	2	
277	5279	2	
278	5341	2	
279	5343	2	
280	5344	2	
281	5350	2	
282	5500	2	
283	5502	2	
284	5575	2	
285	5577	2	
286	5579	2	
287	5726	2	
288	5729	2	
289	5732	2	
290	5733	2	
291	5734	2	
292	5735	2	
293	5737	2	
294	5817	2	
295	5819	2	
296	5820	2	
297	5822	2	
298	5965	2	
299	6188	2	
300	6191	2	
301	6281	2	
302	6282	2	
303	6283	2	
304	6390	2	
305	6409	2	
306	6413	2	
307	6414	2	
308	6415	2	
309	6416	2	
310	6417	2	
311	6418	2	
312	6420	2	
313	6459	2	
314	6511	2	
315	6512	3	
316	6513	2	
317	6514	2	
318	6515	2	
319	6518	2	
320	6536	2	
321	6537	2	
322	6550	2	
323	6575	2	
324	6579	2	
325	6588	2	
326	6591	2	
327	6607	2	
328	6620	2	
329	6621	2	
330	6632	2	
331	6636	2	
332	6639	2	
333	6640	2	
334	6641	2	
335	6642	2	
336	6644	2	
337	6645	2	
338	6652	2	
339	6653	2	
340	6656	2	
341	6695	2	
342	6734	2	
343	6737	2	
344	6741	2	
345	6743	2	
346	6744	2	
347	6745	2	
348	6746	2	
349	6747	2	
350	6748	2	
351	6749	2	
352	6750	2	
353	6755	2	
354	6758	2	
355	6766	2	
356	6773	2	
357	6805	2	
358	7109	2	
359	7114	2	
360	7116	2	
361	7117	2	
362	7119	2	
363	7238	2	
364	7239	2	
365	7241	2	
366	7242	2	
367	7243	2	
368	7326	2	
369	7338	2	
370	7369	2	
371	7497	2	
372	7499	2	
373	7500	2	
374	7505	2	
375	7616	2	
376	7620	2	
377	7622	2	
378	7623	2	
379	7627	2	
380	7750	2	
381	7752	2	
382	7754	2	
383	7774	2	
384	7867	2	
385	7873	2	
386	7876	2	
387	7879	2	
388	8004	2	
389	8007	2	
390	8008	2	
391	8067	2	
392	8099	2	
393	8113	2	
394	8115	2	
395	8117	2	
396	8118	2	
397	8121	2	
398	8122	2	
399	8123	2	
400	8124	2	
401	8126	2	
402	8127	2	
403	8128	2	
404	8130	2	
405	8131	2	
406	8165	2	
407	8205	2	
408	8248	2	
409	8252	2	
410	8254	2	
411	8255	2	
412	8256	2	
413	8258	2	
414	8259	2	
415	8260	2	
416	8261	2	
417	8262	2	
418	8265	2	
419	8268	2	
420	8269	2	
421	8271	2	
422	8281	2	
423	8284	2	
424	8317	2	
425	8366	2	
426	8369	2	
427	8371	2	
428	8373	2	
429	8375	2	
430	8376	2	
431	8377	2	
432	8378	2	
433	8507	2	
434	8510	2	
435	8511	2	
436	8512	2	
437	8514	2	
438	8515	2	
439	8517	2	
440	8518	2	
441	8522	2	
442	8523	2	
443	8625	2	
444	8628	2	
445	8774	2	
446	8881	2	
447	9034	2	
448	9303	2	
449	9375	2	
450	9414	2	
451	9418	2	
452	9516	2	
453	9572	2	
454	9575	2	
455	9683	2	
456	9688	2	
457	9689	2	
458	9798	2	
459	9849	2	
460	9850	2	
461	9853	2	
462	9854	2	
463	9956	2	
464	9957	2	
465	9958	2	
466	9960	2	
467	9961	2	
468	10067	2	
469	10126	2	
470	10127	2	
471	10130	2	
472	10213	2	
473	10218	2	
474	10219	2	
475	10223	2	
476	10230	2	
477	10231	2	
478	10232	2	
479	10240	2	
480	10244	2	
481	10266	2	
482	10267	2	
483	10269	2	
484	10297	2	
485	10388	2	
486	10391	2	
487	10394	2	
488	10398	2	
489	10402	2	
490	10403	2	
491	10404	2	
492	10405	2	
493	10466	2	
494	10496	2	
495	10503	2	
496	10504	2	
497	10505	2	
498	10507	2	
499	10511	2	
500	10593	2	
501	10595	2	
502	10653	2	
503	10678	2	
504	10679	2	
505	10680	2	
506	10681	2	
507	10682	2	
508	10686	2	
509	10711	2	
510	10722	2	
511	10776	2	
512	10778	2	
513	10779	2	
514	10780	2	
515	10781	2	
516	10782	2	
517	10823	2	
518	10871	2	
519	10879	2	
520	10930	2	
521	10958	2	
522	10960	2	
523	10961	2	
524	10964	2	
525	11058	2	
526	11059	2	
527	11061	2	
528	11066	2	
529	11076	2	
530	11083	2	
531	11086	2	
532	11113	2	
533	11230	2	
534	11231	2	
535	11234	2	
536	11242	2	
537	11243	2	
538	11244	2	
539	11245	2	
540	11246	2	
541	11341	2	
542	11344	2	
543	11457	2	
544	11461	2	
545	11529	2	
546	11530	2	
547	11531	2	
548	11532	2	
549	11536	2	
550	11538	2	
551	11564	2	
552	11582	2	
553	11587	2	
554	11617	2	
555	11628	2	
556	11674	2	
557	11683	2	
558	11693	2	
559	11701	2	
560	11702	2	
561	11750	2	
562	11768	2	
563	11813	2	
564	11818	2	
565	11819	2	
566	11821	2	
567	11829	2	
568	11859	2	
569	11874	2	
570	11876	2	
571	11898	2	
572	11911	2	
573	11914	2	
574	11915	2	
575	11916	2	
576	11982	2	
577	11985	2	
578	12036	2	
579	12068	2	
580	12094	2	
581	12105	2	
582	12106	2	
583	12107	2	
584	12110	2	
585	12115	2	
586	12116	2	
587	12117	2	
588	12125	2	
589	12157	2	
590	12159	2	
591	12197	2	
592	12199	2	
593	12202	2	
594	12203	2	
595	12208	2	
596	12216	2	
597	12246	2	
598	12269	2	
599	12271	2	
600	12273	2	
601	12274	2	
602	12316	2	
603	12347	2	
604	12353	2	
605	12396	2	
606	12397	2	
607	12404	2	
608	12406	2	
609	12408	2	
610	12425	2	
611	12440	2	
612	12442	2	
613	12454	2	
614	12636	2	
615	12745	2	
616	12771	2	
617	12773	2	
618	12777	2	
619	12782	2	
620	12785	2	
621	12838	2	
622	12841	2	
623	12846	2	
624	12847	2	
625	12849	2	
626	12868	2	
627	12893	2	
628	12901	2	
629	12914	2	
630	12920	2	
631	12926	2	
632	12928	2	
633	12930	2	
634	12931	2	
635	12982	2	
636	12984	2	
637	12992	2	
638	12998	2	
639	13042	2	
640	13218	2	
641	13332	2	
642	13339	2	
643	13346	2	
644	13348	2	
645	13357	2	
646	13366	2	
647	13374	2	
648	13377	2	
649	13378	2	
650	13404	2	
651	13412	2	
652	13446	2	
653	13513	2	
654	13530	2	
655	13542	2	
656	13577	2	
657	13580	2	
658	13613	2	
659	13615	2	
660	13626	2	
661	13637	2	
662	13642	2	
663	13646	2	
664	13651	2	
665	13655	2	
666	13657	2	
667	13662	2	
668	13667	2	
669	13668	2	
670	13670	2	
671	13672	2	
672	13702	2	
673	13708	2	
674	13714	2	
675	13726	2	
676	13738	2	
677	13740	2	
678	13789	2	
679	13808	2	
680	13811	2	
681	13814	2	
682	13817	2	
683	13829	2	
684	13835	2	
685	13853	2	
686	13878	2	
687	13879	2	
688	13881	2	
689	13884	2	
690	13897	2	
691	13901	2	
692	13911	2	
693	14112	2	
694	14249	2	
695	14251	2	
696	14252	2	
697	14255	2	
698	14257	2	
699	14266	2	
700	14271	2	
701	14342	2	
702	14363	2	
703	14394	2	
704	14420	2	
705	14459	2	
706	14488	2	
707	14508	2	
708	14532	2	
709	14583	2	
710	14601	2	
711	14620	2	
712	14651	2	
713	14656	2	
714	14663	2	
715	14751	2	
716	14801	2	
717	14806	2	
718	14835	2	
719	14885	2	
720	15014	2	
721	15022	2	
722	15103	2	
723	15115	2	
724	15190	2	
725	15329	2	
726	15502	2	
727	15583	2	
728	15819	2	
729	15890	2	
730	15894	2	
731	15913	2	
732	15975	2	
733	16114	2	
734	16115	2	
735	16118	2	
736	16123	2	
737	16127	2	
738	16135	2	
739	16141	2	
740	16181	2	
741	16199	2	
742	16209	2	
743	16211	2	
744	16220	2	
745	16227	2	
746	16277	2	
747	16335	2	
748	16364	2	
749	16366	2	
750	16369	2	
751	16370	2	
752	16389	2	
753	16391	2	
754	16454	2	
755	16545	2	
756	16592	2	
757	16693	2	
758	16714	2	
759	16735	2	
760	16745	2	
761	16765	2	
762	16779	2	
763	16797	2	
764	16841	2	
765	16871	2	
766	16873	2	
767	16878	2	
768	16916	2	
769	16923	2	
770	16928	2	
771	16950	2	
772	17029	2	
773	17042	2	
774	17070	2	
775	17072	2	
776	17078	2	
777	17100	2	
778	17123	2	
779	17153	2	
780	17162	2	
781	17169	2	
782	17201	2	
783	17202	2	
784	17240	2	
785	17251	2	
786	17252	2	
787	17260	2	
788	17319	2	
789	17356	2	
790	17369	2	
791	17371	2	
792	17391	2	
793	17392	2	
794	17393	2	
795	17406	2	
796	17412	2	
797	17426	2	
798	17439	2	
799	17515	2	
800	17519	2	
801	17562	2	
802	17571	2	
803	17577	2	
804	17591	2	
805	17605	2	
806	17623	2	
807	17634	2	
808	17640	2	
809	17642	2	
810	17660	2	
811	17665	2	
812	17671	2	
813	17700	2	
814	17705	2	
815	17721	2	
816	17890	2	
817	18025	2	
818	18046	2	
819	18048	2	
820	18182	2	
821	18217	2	
822	18378	2	
823	18500	2	
824	18505	2	
825	18508	2	
826	18548	2	
827	18572	2	
828	18622	2	
829	18671	2	
830	18710	2	
831	18828	2	
832	18830	2	
833	18835	2	
834	18867	2	
835	18868	2	
836	18870	2	
837	18990	2	
838	18998	2	
839	19044	2	
840	19050	2	
841	19130	2	
842	19152	2	
843	19165	2	
844	19186	2	
845	19193	2	
846	19205	2	
847	19302	2	
848	19334	2	
849	19345	2	
850	19481	2	
851	19491	2	
852	19494	2	
853	19505	2	
854	19512	2	
855	19515	2	
856	19621	2	
857	19631	2	
858	19818	2	
859	19819	2	
860	20029	2	
861	20034	2	
862	20079	2	
863	20121	2	
864	20141	2	
865	20146	2	
866	20148	2	
867	20153	2	
868	20168	2	
869	20198	2	
870	20203	2	
871	20341	2	
872	20346	2	
873	20474	2	
874	20476	2	
875	20478	2	
876	20479	2	
877	20480	2	
878	20485	2	
879	20487	2	
880	20490	2	
881	20492	2	
882	20504	2	
883	20505	2	
884	20508	2	
885	20513	2	
886	20515	2	
887	20522	2	
888	20524	2	
889	20526	2	
890	20561	2	
891	20617	2	
892	20668	2	
893	20670	2	
894	20689	2	
895	20690	2	
896	20692	2	
897	20701	2	
898	20711	2	
899	20745	2	
900	20749	2	
901	20783	2	
902	20805	2	
903	20810	2	
904	20815	2	
905	20816	2	
906	20817	2	
907	20819	2	
908	20820	2	
909	20821	2	
910	20825	2	
911	20827	2	
912	20829	2	
913	20830	2	
914	20831	2	
915	20832	2	
916	20833	2	
917	20834	2	
918	20843	2	
919	20845	2	
920	20846	2	
921	20847	2	
922	20848	2	
923	20850	2	
924	20853	2	
925	20855	2	
926	20856	2	
927	20861	2	
928	20865	2	
929	20880	2	
930	20898	2	
931	20915	2	
932	20930	2	
933	20932	2	
934	20997	2	
935	21015	2	
936	21018	2	
937	21033	2	
938	21130	2	
939	21134	2	
940	21138	2	
941	21148	2	
942	21164	2	
943	21165	2	
944	21166	2	
945	21167	2	
946	21168	2	
947	21170	2	
948	21171	2	
949	21172	2	
950	21173	2	
951	21174	2	
952	21176	2	
953	21177	2	
954	21178	2	
955	21179	2	
956	21184	2	
957	21185	2	
958	21186	2	
959	21187	2	
960	21188	2	
961	21189	2	
962	21190	2	
963	21192	2	
964	21194	2	
965	21198	2	
966	21255	2	
967	21274	2	
968	21276	2	
969	21318	2	
970	21335	2	
971	21508	2	
972	21509	2	
973	21510	2	
974	21514	2	
975	21515	2	
976	21517	2	
977	21518	2	
978	21520	2	
979	21521	2	
980	21523	2	
981	21528	2	
982	21531	2	
983	21534	2	
984	21537	2	
985	21657	2	
986	21705	2	
987	21854	2	
988	21855	2	
989	21856	2	
990	21857	2	
991	21858	2	
992	21859	2	
993	21860	2	
994	21861	2	
995	21862	2	
996	21863	2	
997	21864	2	
998	21865	2	
999	21866	2	
1000	21867	3	
1001	21868	3	
1002	21869	4	
1003	21870	7	
1004	21871	5	
1005	21872	3	
1006	21874	2	
1007	21875	2	
1008	21877	2	
1009	21878	2	
1010	21879	2	
1011	21880	2	
1012	21881	2	
1013	21883	2	
1014	21884	2	
1015	21889	2	
1016	21923	2	
1017	22040	2	
1018	22201	2	
1019	22204	2	
1020	22205	3	
1021	22206	7	
1022	22207	9	
1023	22208	5	
1024	22209	5	
1025	22210	3	
1026	22211	4	
1027	22212	2	
1028	22213	3	
1029	22214	3	
1030	22215	3	
1031	22216	2	
1032	22217	2	
1033	22218	2	
1034	22220	2	
1035	22221	2	
1036	22227	2	
1037	22572	2	
1038	22573	2	
1039	22578	2	
1040	22580	2	
1041	22581	2	
1042	22582	2	
1043	22583	2	
1044	22584	2	
1045	22585	2	
1046	22586	2	
1047	22587	2	
1048	22588	2	
1049	22589	4	
1050	22590	5	
1051	22591	8	
1052	22592	10	
1053	22593	8	
1054	22594	10	
1055	22595	8	
1056	22596	7	
1057	22597	4	
1058	22598	5	
1059	22599	6	
1060	22600	6	
1061	22601	4	
1062	22602	2	
1063	22603	3	
1064	22604	3	
1065	22605	3	
1066	22606	2	
1067	22607	2	
1068	22608	2	
1069	22609	2	
1070	22610	2	
1071	22611	2	
1072	22612	2	
1073	22613	2	
1074	22614	2	
1075	22615	2	
1076	22616	2	
1077	22617	2	
1078	22618	2	
1079	22620	2	
1080	22621	2	
1081	22627	2	
