This run aims to check if discrepancy is less than 0.0076
each row contains covering data for one orbit at phi, i.e. z = sin(phi), with the range of indices of directions corresponding to this orbit and the expected confidence radius at it. dtheta shows the amount that directions vary horizontally at this orbit.
 fd = first direction, ld = last direction, #d = number of directions 

number,	phi,                	expected radius,    	dtheta,             	covered phi,        	fd,    	ld,    	#d,    	

1,     	1.555258471968,     	0.004550817974,     	0.308838913854,     	1.551448409522,     	0,     	11,    	12,    	
2,     	1.542088689133,     	0.010471882869,     	0.373836416844,     	1.53345518145,      	12,    	21,    	10,    	
3,     	1.525393956495,     	0.009108227724,     	0.206779760532,     	1.517705196413,     	22,    	38,    	17,    	
4,     	1.509786923665,     	0.009295070399,     	0.153264572291,     	1.501863508784,     	39,    	60,    	22,    	
5,     	1.49423871383,      	0.008757906736,     	0.124495778765,     	1.486437993233,     	61,    	87,    	27,    	
6,     	1.478374772235,     	0.009222869409,     	0.10164530169,      	1.470438846716,     	88,    	119,   	32,    	
7,     	1.462878452745,     	0.008736934025,     	0.09028681683,      	1.45517752325,      	120,   	157,   	38,    	
8,     	1.447341017169,     	0.009024440386,     	0.076502764826,     	1.439566336919,     	158,   	200,   	43,    	
9,     	1.431664014116,     	0.009117964499,     	0.069536750604,     	1.423758779845,     	201,   	248,   	48,    	
10,    	1.416111279994,     	0.008994057127,     	0.062568753236,     	1.408317774154,     	249,   	301,   	53,    	
11,    	1.400738573114,     	0.008702925074,     	0.053122480933,     	1.39324346363,      	302,   	360,   	59,    	
12,    	1.385607070739,     	0.008983980856,     	0.053088078268,     	1.377811607826,     	361,   	422,   	62,    	
13,    	1.369961290568,     	0.009044405443,     	0.047810877915,     	1.362113121703,     	423,   	490,   	68,    	
14,    	1.354826752312,     	0.008471083459,     	0.03953266169,      	1.347325935897,     	491,   	565,   	75,    	
15,    	1.339553144679,     	0.008981817831,     	0.044908613273,     	1.331691145539,     	566,   	643,   	78,    	
16,    	1.323764774543,     	0.009145883724,     	0.038311350898,     	1.315885617339,     	644,   	726,   	83,    	
17,    	1.30793992212,      	0.009273276431,     	0.035690317845,     	1.299948922904,     	727,   	813,   	87,    	
18,    	1.291873120709,     	0.00936411603,      	0.036580537017,     	1.283778421513,     	814,   	904,   	91,    	
19,    	1.275347870348,     	0.009707570443,     	0.036330999861,     	1.266916675135,     	905,   	995,   	91,    	
20,    	1.257526020849,     	0.010810537104,     	0.035081421311,     	1.248208830629,     	996,   	1085,  	90,    	
21,    	1.238148638101,     	0.011574322937,     	0.037769023863,     	1.228173342886,     	1086,  	1173,  	88,    	
22,    	1.219235578427,     	0.010373677219,     	0.030125344552,     	1.210288305539,     	1174,  	1275,  	102,   	
23,    	1.201866995416,     	0.00977636064,      	0.029380270467,     	1.193395792424,     	1276,  	1389,  	114,   	
24,    	1.185293665843,     	0.009774875275,     	0.026460394841,     	1.176857741272,     	1390,  	1508,  	119,   	
25,    	1.168450526662,     	0.009706828899,     	0.027126455038,     	1.159962101433,     	1509,  	1629,  	121,   	
26,    	1.151217904537,     	0.010073920153,     	0.028051395673,     	1.142327712632,     	1630,  	1749,  	120,   	
27,    	1.132464236173,     	0.011362397317,     	0.029089470005,     	1.122658435802,     	1750,  	1865,  	116,   	
28,    	1.113970465666,     	0.010080792598,     	0.022854168192,     	1.105007205743,     	1866,  	1992,  	127,   	
29,    	1.096780094824,     	0.009612664518,     	0.021375687145,     	1.088460873757,     	1993,  	2133,  	141,   	
30,    	1.080359383055,     	0.009345809536,     	0.022524659667,     	1.072286064102,     	2134,  	2282,  	149,   	
31,    	1.064567231675,     	0.008915713949,     	0.018387619692,     	1.056780818982,     	2283,  	2438,  	156,   	
32,    	1.048557036193,     	0.009488620996,     	0.019022337523,     	1.040359142645,     	2439,  	2598,  	160,   	
33,    	1.032231108186,     	0.009438631779,     	0.020011241586,     	1.024075591349,     	2599,  	2762,  	164,   	
34,    	1.015637374756,     	0.009843902843,     	0.019561889277,     	1.007131766239,     	2763,  	2924,  	162,   	
35,    	0.99874816968,      	0.009742098592,     	0.020552194223,     	0.990329624331,     	2925,  	3087,  	163,   	
36,    	0.983007746471,     	0.008596031653,     	0.016930640657,     	0.975210993497,     	3088,  	3253,  	166,   	
37,    	0.966689443647,     	0.009889159456,     	0.017680368339,     	0.958142822944,     	3254,  	3422,  	169,   	
38,    	0.949850951455,     	0.009693667447,     	0.016972779675,     	0.941418787308,     	3423,  	3592,  	170,   	
39,    	0.932796170438,     	0.00995411991,      	0.01705539621,      	0.924192283825,     	3593,  	3766,  	174,   	
40,    	0.915908724852,     	0.009615830817,     	0.017065037842,     	0.907596157956,     	3767,  	3950,  	184,   	
41,    	0.89983690766,      	0.008973550638,     	0.017051144247,     	0.891937645971,     	3951,  	4143,  	193,   	
42,    	0.884367109383,     	0.008795200886,     	0.015679286864,     	0.876761994564,     	4144,  	4345,  	202,   	
43,    	0.869141373048,     	0.00879468686,      	0.013625084738,     	0.861536342043,     	4346,  	4554,  	209,   	
44,    	0.854907741929,     	0.007692460561,     	0.013816273646,     	0.848254346664,     	4555,  	4768,  	214,   	
45,    	0.84154630412,      	0.007784238215,     	0.015065114826,     	0.834716620509,     	4769,  	4980,  	212,   	
46,    	0.828734905483,     	0.00692006931,      	0.015165707661,     	0.822468063823,     	4981,  	5196,  	216,   	
47,    	0.815777275264,     	0.007727509909,     	0.015419457483,     	0.809092954329,     	5197,  	5421,  	225,   	
48,    	0.803113500455,     	0.006903533185,     	0.014860828099,     	0.797091676264,     	5422,  	5655,  	234,   	
49,    	0.790346448704,     	0.007792280811,     	0.014129402603,     	0.783605766924,     	5656,  	5893,  	238,   	
50,    	0.778473319091,     	0.006090353053,     	0.014486446502,     	0.772893775366,     	5894,  	6122,  	229,   	
51,    	0.766592187777,     	0.007300386094,     	0.013849795046,     	0.760276256061,     	6123,  	6348,  	226,   	
52,    	0.752604386497,     	0.008850675158,     	0.014985269862,     	0.744948596881,     	6349,  	6577,  	229,   	
53,    	0.736907406692,     	0.009295113086,     	0.015631490494,     	0.728867345058,     	6578,  	6808,  	231,   	
54,    	0.724200183226,     	0.005393886521,     	0.013124939762,     	0.718640187065,     	6809,  	7051,  	243,   	
55,    	0.712173885261,     	0.007492575309,     	0.012216328157,     	0.705691152615,     	7052,  	7304,  	253,   	
56,    	0.69900515715,      	0.007748443932,     	0.013233515341,     	0.692301082954,     	7305,  	7560,  	256,   	
57,    	0.685377312896,     	0.007989608963,     	0.01330770224,      	0.678464595658,     	7561,  	7814,  	254,   	
58,    	0.671830265637,     	0.007659942852,     	0.013188747284,     	0.665202360627,     	7815,  	8065,  	251,   	
59,    	0.657438194182,     	0.009080054227,     	0.01328341962,      	0.649582538875,     	8066,  	8315,  	250,   	
60,    	0.64228724968,      	0.008440954773,     	0.013573467951,     	0.634983787866,     	8316,  	8570,  	255,   	
61,    	0.629174391159,     	0.006796199998,     	0.012916442038,     	0.622961837028,     	8571,  	8826,  	256,   	
62,    	0.616997144384,     	0.006888388109,     	0.013107744174,     	0.610928678819,     	8827,  	9087,  	261,   	
63,    	0.605189142728,     	0.006627809564,     	0.01180288414,      	0.599191187431,     	9088,  	9357,  	270,   	
64,    	0.592287508174,     	0.008010794797,     	0.010641410818,     	0.585291126539,     	9358,  	9630,  	273,   	
65,    	0.578468529733,     	0.007895543016,     	0.013217130989,     	0.571635841839,     	9631,  	9904,  	274,   	
66,    	0.564407145012,     	0.00836767206,      	0.011316600287,     	0.557166027351,     	9905,  	10178, 	274,   	
67,    	0.549595662835,     	0.00874433077,      	0.012431682408,     	0.542028656687,     	10179, 	10453, 	275,   	
68,    	0.534431128836,     	0.008774743253,     	0.011946089318,     	0.526837626269,     	10454, 	10729, 	276,   	
69,    	0.519299771354,     	0.008710016215,     	0.01267117187,      	0.511762049228,     	10730, 	11009, 	280,   	
70,    	0.504344063859,     	0.008565740902,     	0.011476020319,     	0.496930931661,     	11010, 	11292, 	283,   	
71,    	0.489551608595,     	0.008528522778,     	0.01200178816,      	0.482170490776,     	11293, 	11578, 	286,   	
72,    	0.474624502732,     	0.008715283517,     	0.011792577343,     	0.467081676385,     	11579, 	11865, 	287,   	
73,    	0.459449390563,     	0.008820606317,     	0.01199858562,      	0.451815283674,     	11866, 	12153, 	288,   	
74,    	0.444132607234,     	0.008874286401,     	0.010790973628,     	0.436451883582,     	12154, 	12443, 	290,   	
75,    	0.429620927576,     	0.008047901621,     	0.011557275842,     	0.422410804369,     	12444, 	12736, 	293,   	
76,    	0.414876364051,     	0.008765047245,     	0.011323543362,     	0.407289791693,     	12737, 	13029, 	293,   	
77,    	0.400127489408,     	0.008281380836,     	0.010678169601,     	0.392904966371,     	13030, 	13326, 	297,   	
78,    	0.38535127903,      	0.008727055802,     	0.011198729366,     	0.377797240712,     	13327, 	13624, 	298,   	
79,    	0.370095798036,     	0.008912335607,     	0.01073596802,      	0.362381290087,     	13625, 	13924, 	300,   	
80,    	0.3554358506,       	0.008028866917,     	0.010455475384,     	0.348126275636,     	13925, 	14226, 	302,   	
81,    	0.340747754286,     	0.008530639862,     	0.009819145604,     	0.333363184154,     	14227, 	14530, 	304,   	
82,    	0.326093162663,     	0.008424145771,     	0.008892815068,     	0.318650121173,     	14531, 	14835, 	305,   	
83,    	0.311569028549,     	0.008199080032,     	0.01055317525,      	0.30436617083,      	14836, 	15142, 	307,   	
84,    	0.297873073447,     	0.007537619623,     	0.009537277886,     	0.291076394187,     	15143, 	15456, 	314,   	
85,    	0.284445372603,     	0.007658845077,     	0.010626041412,     	0.277411725142,     	15457, 	15772, 	316,   	
86,    	0.270486894482,     	0.008096849483,     	0.010358341295,     	0.263397165628,     	15773, 	16090, 	318,   	
87,    	0.256128707368,     	0.008399507042,     	0.010448667347,     	0.248856787643,     	16091, 	16411, 	321,   	
88,    	0.241847533671,     	0.008115693233,     	0.010866936161,     	0.234592748652,     	16412, 	16733, 	322,   	
89,    	0.227456342242,     	0.008254555695,     	0.010392421962,     	0.220218580963,     	16734, 	17057, 	324,   	
90,    	0.212877938628,     	0.008480423716,     	0.010285266132,     	0.205535575451,     	17058, 	17381, 	324,   	
91,    	0.198112266226,     	0.008592858449,     	0.01108813742,      	0.19067243959,      	17382, 	17707, 	326,   	
92,    	0.18380758172,      	0.007932809646,     	0.010493226259,     	0.176674591538,     	17708, 	18034, 	327,   	
93,    	0.169774162993,     	0.007991033746,     	0.009384301299,     	0.162609406693,     	18035, 	18359, 	325,   	
94,    	0.155908910615,     	0.00773781813,      	0.009934123949,     	0.149158518898,     	18360, 	18685, 	326,   	
95,    	0.142504161275,     	0.007699742806,     	0.010765134925,     	0.135837018619,     	18686, 	19012, 	327,   	
96,    	0.128721992504,     	0.008214544767,     	0.009540438488,     	0.121552714727,     	19013, 	19337, 	325,   	
97,    	0.114610195315,     	0.008033804808,     	0.010313369389,     	0.107572908317,     	19338, 	19661, 	324,   	
98,    	0.101360292299,     	0.007216244276,     	0.009076582313,     	0.095111476521,     	19662, 	19990, 	329,   	
99,    	0.088507114466,     	0.007636349402,     	0.010114338007,     	0.081856545836,     	19991, 	20326, 	336,   	
100,   	0.074858381206,     	0.008082503271,     	0.009834775633,     	0.067859302269,     	20327, 	20665, 	339,   	
101,   	0.060822851904,     	0.008145699066,     	0.009248973742,     	0.0537689357,       	20666, 	21007, 	342,   	
102,   	0.04701950317,      	0.007794170775,     	0.009028509321,     	0.040269876473,     	21008, 	21351, 	344,   	
103,   	0.034548914578,     	0.006627609246,     	0.010311332834,     	0.028809405211,     	21352, 	21700, 	349,   	
104,   	0.022455137111,     	0.007343802396,     	0.009596135272,     	0.016095340463,     	21701, 	22042, 	342,   	
105,   	0.010341255177,     	0.006653814758,     	0.009928825971,     	0.004578918326,     	22043, 	22376, 	334,   	
106,   	0.00069328208,      	0.004495163306,     	0.008783681492,     	-0.003199648073,    	22377, 	22813, 	437,   	
