number	direction_ind	# of covercap	
0	13	4	
1	31	2	
2	127	2	
3	133	2	
4	161	2	
5	203	2	
6	246	2	
7	276	2	
8	277	2	
9	324	2	
10	329	2	
11	374	2	
12	381	2	
13	403	2	
14	423	2	
15	430	2	
16	447	2	
17	449	2	
18	451	2	
19	453	2	
20	507	2	
21	514	2	
22	550	2	
23	576	2	
24	858	2	
25	859	2	
26	868	2	
27	869	2	
28	899	2	
29	905	2	
30	906	2	
31	921	2	
32	929	2	
33	930	2	
34	932	2	
35	980	2	
36	981	2	
37	982	2	
38	990	2	
39	992	2	
40	1007	2	
41	1008	2	
42	1019	2	
43	1027	2	
44	1031	2	
45	1032	2	
46	1044	2	
47	1047	2	
48	1048	2	
49	1049	2	
50	1050	2	
51	1051	2	
52	1052	2	
53	1053	2	
54	1064	2	
55	1068	2	
56	1069	2	
57	1073	2	
58	1088	2	
59	1097	2	
60	1134	2	
61	1142	2	
62	1151	2	
63	1195	2	
64	1259	2	
65	1279	2	
66	1284	2	
67	1390	2	
68	1396	2	
69	1427	2	
70	1437	2	
71	1441	2	
72	1442	2	
73	1445	2	
74	1446	2	
75	1449	2	
76	1457	2	
77	1458	2	
78	1463	2	
79	1469	2	
80	1476	2	
81	1489	2	
82	1490	2	
83	1491	2	
84	1494	2	
85	1501	2	
86	1518	2	
87	1566	2	
88	1622	2	
89	1631	2	
90	1721	2	
91	1736	2	
92	1749	2	
93	1751	2	
94	1757	2	
95	1760	2	
96	1764	2	
97	1769	2	
98	1770	2	
99	1782	2	
100	1785	2	
101	1788	2	
102	1793	2	
103	1796	2	
104	1798	2	
105	1806	2	
106	1815	2	
107	1831	2	
108	1838	2	
109	1844	2	
110	1845	2	
111	1891	2	
112	1911	2	
113	1986	2	
114	2001	2	
115	2016	2	
116	2023	2	
117	2024	2	
118	2025	2	
119	2033	2	
120	2036	2	
121	2039	2	
122	2042	2	
123	2045	2	
124	2049	2	
125	2050	2	
126	2052	2	
127	2053	2	
128	2056	2	
129	2057	2	
130	2058	2	
131	2059	2	
132	2060	2	
133	2064	2	
134	2065	2	
135	2066	2	
136	2070	2	
137	2071	2	
138	2074	2	
139	2082	2	
140	2091	2	
141	2093	2	
142	2094	2	
143	2100	2	
144	2101	2	
145	2102	2	
146	2121	2	
147	2125	2	
148	2127	2	
149	2183	2	
150	2305	2	
151	2316	2	
152	2408	2	
153	2542	2	
154	2583	2	
155	2698	2	
156	2703	2	
157	2704	2	
158	2711	2	
159	2716	2	
160	2770	2	
161	2796	2	
162	2797	2	
163	2851	2	
164	2856	2	
165	2858	2	
166	2859	2	
167	2864	2	
168	2865	2	
169	2870	2	
170	2972	2	
171	3011	2	
172	3036	2	
173	3037	2	
174	3216	2	
175	3220	2	
176	3221	2	
177	3222	2	
178	3223	2	
179	3355	2	
180	3396	2	
181	3397	2	
182	3398	2	
183	3399	2	
184	3400	2	
185	3403	2	
186	3404	2	
187	3405	2	
188	3407	2	
189	3411	2	
190	3412	2	
191	3415	2	
192	3425	2	
193	3435	2	
194	3439	2	
195	3441	2	
196	3446	2	
197	3458	2	
198	3460	2	
199	3493	2	
200	3519	2	
201	3521	2	
202	3522	2	
203	3525	2	
204	3528	2	
205	3548	2	
206	3570	2	
207	3576	2	
208	3577	2	
209	3578	2	
210	3584	2	
211	3760	2	
212	3763	2	
213	3786	2	
214	3923	2	
215	3930	2	
216	3942	2	
217	3982	2	
218	4007	2	
219	4033	2	
220	4034	2	
221	4038	2	
222	4105	2	
223	4106	2	
224	4107	2	
225	4121	2	
226	4122	2	
227	4123	2	
228	4125	2	
229	4126	2	
230	4134	2	
231	4135	2	
232	4152	2	
233	4159	2	
234	4183	2	
235	4191	2	
236	4197	2	
237	4220	2	
238	4235	2	
239	4237	2	
240	4267	2	
241	4283	2	
242	4289	2	
243	4305	2	
244	4306	2	
245	4314	2	
246	4315	2	
247	4324	2	
248	4341	2	
249	4372	2	
250	4389	2	
251	4407	2	
252	4429	2	
253	4451	2	
254	4453	2	
255	4516	2	
256	4533	2	
257	4603	2	
258	4608	2	
259	4631	2	
260	4635	2	
261	4647	2	
262	4726	2	
263	4727	2	
264	4749	2	
265	4769	2	
266	4771	2	
267	4829	2	
268	4866	2	
269	4917	2	
270	4918	2	
271	4919	2	
272	4942	2	
273	4967	2	
274	4968	2	
275	4990	2	
276	4991	2	
277	4997	2	
278	5044	2	
279	5051	2	
280	5063	2	
281	5069	2	
282	5073	2	
283	5075	2	
284	5080	2	
285	5082	2	
286	5085	2	
287	5086	2	
288	5093	2	
289	5094	2	
290	5104	2	
291	5110	2	
292	5111	2	
293	5144	2	
294	5163	2	
295	5164	2	
296	5190	2	
297	5191	2	
298	5214	2	
299	5215	2	
300	5216	2	
301	5227	2	
302	5260	2	
303	5261	2	
304	5263	2	
305	5267	2	
306	5271	2	
307	5273	2	
308	5274	2	
309	5275	2	
310	5279	2	
311	5281	2	
312	5282	2	
313	5283	2	
314	5288	2	
315	5293	2	
316	5294	2	
317	5296	2	
318	5301	2	
319	5302	2	
320	5303	2	
321	5307	2	
322	5308	2	
323	5309	2	
324	5316	2	
325	5319	2	
326	5320	2	
327	5321	2	
328	5323	2	
329	5332	2	
330	5333	2	
331	5336	2	
332	5343	2	
333	5385	2	
334	5390	2	
335	5391	2	
336	5511	2	
337	5525	2	
338	5533	2	
339	5659	2	
340	5668	2	
341	5725	2	
342	5733	2	
343	5734	2	
344	5739	2	
345	5742	2	
346	5747	2	
347	5751	2	
348	5752	2	
349	5757	2	
350	5760	2	
351	5762	2	
352	5771	2	
353	5779	2	
354	5986	2	
355	6208	2	
356	6211	2	
357	6214	2	
358	6217	2	
359	6238	2	
360	6243	2	
361	6246	2	
362	6250	2	
363	6253	2	
364	6454	2	
365	6457	2	
366	6471	2	
367	6508	2	
368	6511	2	
369	6513	2	
370	6700	2	
371	6705	2	
372	6706	2	
373	6707	2	
374	6708	2	
375	6709	2	
376	6710	2	
377	6711	2	
378	6771	2	
379	6772	2	
380	6773	2	
381	6774	2	
382	6776	2	
383	6954	2	
384	6956	2	
385	6958	2	
386	6959	2	
387	6962	2	
388	7029	2	
389	7031	2	
390	7032	2	
391	7034	2	
392	7198	2	
393	7200	2	
394	7201	2	
395	7202	2	
396	7203	2	
397	7204	2	
398	7205	2	
399	7276	2	
400	7284	2	
401	7285	2	
402	7286	2	
403	7287	2	
404	7288	2	
405	7289	2	
406	7292	2	
407	7429	2	
408	7448	2	
409	7449	2	
410	7450	2	
411	7451	2	
412	7452	2	
413	7539	2	
414	7542	2	
415	7545	2	
416	7546	2	
417	7547	2	
418	7548	2	
419	7569	2	
420	7702	2	
421	7704	2	
422	7804	2	
423	7806	2	
424	7955	2	
425	7956	2	
426	7957	2	
427	7958	2	
428	8062	2	
429	8063	2	
430	8064	2	
431	8180	2	
432	8197	2	
433	8201	2	
434	8203	2	
435	8207	2	
436	8208	2	
437	8209	2	
438	8210	2	
439	8211	2	
440	8213	2	
441	8214	2	
442	8246	2	
443	8316	2	
444	8317	2	
445	8319	2	
446	8320	2	
447	8321	2	
448	8322	2	
449	8323	2	
450	8324	2	
451	8326	2	
452	8329	2	
453	8332	2	
454	8334	2	
455	8335	2	
456	8344	2	
457	8394	2	
458	8397	2	
459	8402	2	
460	8450	2	
461	8451	2	
462	8455	2	
463	8461	2	
464	8462	2	
465	8463	2	
466	8464	2	
467	8465	2	
468	8467	2	
469	8468	2	
470	8543	2	
471	8580	2	
472	8581	2	
473	8582	2	
474	8583	2	
475	8584	2	
476	8585	2	
477	8586	2	
478	8595	2	
479	8606	2	
480	8645	2	
481	8653	2	
482	9266	2	
483	9270	2	
484	9271	2	
485	9405	2	
486	9410	2	
487	9420	2	
488	9539	2	
489	9548	2	
490	9553	2	
491	9554	2	
492	9555	2	
493	9556	2	
494	9558	2	
495	9561	2	
496	9695	2	
497	9699	2	
498	9700	2	
499	9702	2	
500	9703	2	
501	9704	2	
502	9709	2	
503	9710	2	
504	9718	2	
505	9834	2	
506	9840	2	
507	9841	2	
508	9845	2	
509	9987	2	
510	9991	2	
511	9992	2	
512	9994	2	
513	9995	2	
514	10003	2	
515	10078	2	
516	10119	2	
517	10129	2	
518	10131	2	
519	10134	2	
520	10141	2	
521	10282	2	
522	10283	2	
523	10285	2	
524	10286	2	
525	10287	2	
526	10288	2	
527	10293	2	
528	10413	2	
529	10419	2	
530	10423	2	
531	10575	2	
532	10576	2	
533	10579	2	
534	10585	2	
535	10660	2	
536	10682	2	
537	10684	2	
538	10693	2	
539	10695	2	
540	10699	2	
541	10706	2	
542	10708	2	
543	10709	2	
544	10710	2	
545	10711	2	
546	10713	2	
547	10716	2	
548	10722	2	
549	10749	2	
550	10813	2	
551	10865	2	
552	10867	2	
553	10868	2	
554	10869	2	
555	10870	2	
556	10871	2	
557	10872	2	
558	10873	2	
559	10875	2	
560	10899	2	
561	10999	2	
562	11002	2	
563	11003	2	
564	11159	2	
565	11162	2	
566	11167	2	
567	11168	2	
568	11460	2	
569	11581	2	
570	11755	2	
571	11878	2	
572	12359	2	
573	12424	2	
574	12479	2	
575	12482	2	
576	12483	2	
577	12484	2	
578	12664	2	
579	12666	2	
580	12668	2	
581	12669	2	
582	12731	2	
583	12734	2	
584	12737	2	
585	12786	2	
586	12787	2	
587	12788	2	
588	12810	2	
589	12824	2	
590	12869	2	
591	12956	2	
592	12978	2	
593	12979	2	
594	12980	2	
595	13032	2	
596	13087	2	
597	13094	2	
598	13104	2	
599	13130	2	
600	13224	2	
601	13283	2	
602	13290	2	
603	13291	2	
604	13302	2	
605	13340	2	
606	13348	2	
607	13358	2	
608	13371	2	
609	13376	2	
610	13389	2	
611	13398	2	
612	13400	2	
613	13402	2	
614	13404	2	
615	13406	2	
616	13408	2	
617	13412	2	
618	13426	2	
619	13438	2	
620	13470	2	
621	13471	2	
622	13479	2	
623	13483	2	
624	13488	2	
625	13492	2	
626	13497	2	
627	13501	2	
628	13504	2	
629	13505	2	
630	13507	2	
631	13508	2	
632	13511	2	
633	13520	2	
634	13522	2	
635	13537	2	
636	13538	2	
637	13544	2	
638	13557	2	
639	13600	2	
640	13602	2	
641	13603	2	
642	13604	2	
643	13605	2	
644	13606	2	
645	13611	2	
646	13623	2	
647	13641	2	
648	13642	2	
649	13651	2	
650	13657	2	
651	14040	2	
652	14079	2	
653	14107	2	
654	14157	2	
655	14163	2	
656	14164	2	
657	14244	2	
658	14245	2	
659	14246	2	
660	14257	2	
661	14265	2	
662	14294	2	
663	14330	2	
664	14358	2	
665	14359	2	
666	14434	2	
667	14442	2	
668	14487	2	
669	14496	2	
670	14567	2	
671	14595	2	
672	14620	2	
673	14626	2	
674	14632	2	
675	14636	2	
676	14644	2	
677	14649	2	
678	14677	2	
679	14678	2	
680	14679	2	
681	14680	2	
682	14689	2	
683	14691	2	
684	14693	2	
685	14695	2	
686	14696	2	
687	14720	2	
688	14727	2	
689	14751	2	
690	14753	2	
691	14756	2	
692	14760	2	
693	14767	2	
694	14770	2	
695	14800	2	
696	14808	2	
697	14815	2	
698	14816	2	
699	14819	2	
700	14850	2	
701	14862	2	
702	14888	2	
703	14890	2	
704	14891	2	
705	14892	2	
706	14893	2	
707	14894	2	
708	14895	2	
709	14902	2	
710	14915	2	
711	14931	2	
712	14937	2	
713	14942	2	
714	14961	2	
715	14967	2	
716	14971	2	
717	14983	2	
718	14989	2	
719	14999	2	
720	15000	2	
721	15001	2	
722	15002	2	
723	15003	2	
724	15005	2	
725	15050	2	
726	15052	2	
727	15066	2	
728	15070	2	
729	15072	2	
730	15076	2	
731	15077	2	
732	15079	2	
733	15086	2	
734	15092	2	
735	15097	2	
736	15125	2	
737	15132	2	
738	15133	2	
739	15139	2	
740	15140	2	
741	15143	2	
742	15146	2	
743	15148	2	
744	15156	2	
745	15189	2	
746	15217	2	
747	15220	2	
748	15222	2	
749	15225	2	
750	15229	2	
751	15231	2	
752	15237	2	
753	15248	2	
754	15249	2	
755	15253	2	
756	15257	2	
757	15262	2	
758	15264	2	
759	15268	2	
760	15276	2	
761	15289	2	
762	15329	2	
763	15330	2	
764	15334	2	
765	15401	2	
766	15403	2	
767	15419	2	
768	15468	2	
769	15478	2	
770	15484	2	
771	15485	2	
772	15550	2	
773	15551	2	
774	15553	2	
775	15576	2	
776	15632	2	
777	15650	2	
778	15658	2	
779	15660	2	
780	15669	2	
781	15676	2	
782	15682	2	
783	15685	2	
784	15686	2	
785	15709	2	
786	15725	2	
787	15734	2	
788	15739	2	
789	15795	2	
790	15857	2	
791	15884	2	
792	15895	2	
793	15905	2	
794	15940	2	
795	15996	2	
796	16143	2	
797	16158	2	
798	16167	2	
799	16276	2	
800	16325	2	
801	16401	2	
802	16462	2	
803	16653	2	
804	16659	2	
805	16660	2	
806	16664	2	
807	16672	2	
808	16734	2	
809	16736	2	
810	16759	2	
811	16816	2	
812	16818	2	
813	16855	2	
814	16883	2	
815	16887	2	
816	16888	2	
817	16901	2	
818	16944	2	
819	16946	2	
820	16951	2	
821	16953	2	
822	16963	2	
823	16976	2	
824	16978	2	
825	16993	2	
826	16995	2	
827	16998	2	
828	17000	2	
829	17002	2	
830	17004	2	
831	17009	2	
832	17015	2	
833	17016	2	
834	17018	2	
835	17024	2	
836	17031	2	
837	17038	2	
838	17050	2	
839	17054	2	
840	17067	2	
841	17068	2	
842	17070	2	
843	17072	2	
844	17087	2	
845	17137	2	
846	17148	2	
847	17152	2	
848	17154	2	
849	17156	2	
850	17157	2	
851	17159	2	
852	17163	2	
853	17175	2	
854	17183	2	
855	17184	2	
856	17187	2	
857	17188	2	
858	17201	2	
859	17216	2	
860	17218	2	
861	17221	2	
862	17223	2	
863	17225	2	
864	17226	2	
865	17227	2	
866	17229	2	
867	17230	2	
868	17232	2	
869	17233	2	
870	17234	2	
871	17235	2	
872	17236	2	
873	17249	2	
874	17268	2	
875	17274	2	
876	17407	2	
877	17496	2	
878	17654	2	
879	17674	2	
880	17675	2	
881	17735	2	
882	17739	2	
883	17746	2	
884	17748	2	
885	17763	2	
886	17823	2	
887	17841	2	
888	17843	2	
889	17847	2	
890	17851	2	
891	17853	2	
892	17862	2	
893	17908	2	
894	17911	2	
895	17914	2	
896	17925	2	
897	17936	2	
898	17943	2	
899	17944	2	
900	17945	2	
901	17965	2	
902	17967	2	
903	17984	2	
904	18005	2	
905	18011	2	
906	18014	2	
907	18016	2	
908	18017	2	
909	18024	2	
910	18045	2	
911	18076	2	
912	18078	2	
913	18080	2	
914	18086	2	
915	18095	2	
916	18182	2	
917	18240	2	
918	18248	2	
919	18251	2	
920	18255	2	
921	18257	2	
922	18258	2	
923	18259	2	
924	18291	2	
925	18309	2	
926	18325	2	
927	18346	2	
928	18357	2	
929	18379	2	
930	18385	2	
931	18389	2	
932	18408	2	
933	18432	2	
934	18434	2	
935	18439	2	
936	18528	2	
937	18530	2	
938	18551	2	
939	18580	2	
940	18620	2	
941	18639	2	
942	18652	2	
943	19009	2	
944	19055	2	
945	19058	2	
946	19114	2	
947	19127	2	
948	19129	2	
949	19232	2	
950	19252	2	
951	19270	2	
952	19301	2	
953	19304	2	
954	19324	2	
955	19350	2	
956	19355	2	
957	19356	2	
958	19358	2	
959	19363	2	
960	19365	2	
961	19370	2	
962	19375	2	
963	19388	2	
964	19392	2	
965	19396	2	
966	19404	2	
967	19405	2	
968	19426	2	
969	19475	2	
970	19477	2	
971	19481	2	
972	19508	2	
973	19581	2	
974	19583	2	
975	19585	2	
976	19587	2	
977	19589	2	
978	19591	2	
979	19605	2	
980	19613	2	
981	19638	2	
982	19654	2	
983	19656	2	
984	19666	2	
985	19668	2	
986	19685	2	
987	19697	2	
988	19702	2	
989	19707	2	
990	19709	2	
991	19711	2	
992	19714	2	
993	19716	2	
994	19720	2	
995	19737	2	
996	19741	2	
997	19751	2	
998	19752	2	
999	19781	2	
1000	19796	2	
1001	19812	2	
1002	19814	2	
1003	19818	2	
1004	19824	2	
1005	19831	2	
1006	19929	2	
1007	19933	2	
1008	19937	2	
1009	19938	2	
1010	20009	2	
1011	20011	2	
1012	20012	2	
1013	20024	2	
1014	20034	2	
1015	20043	2	
1016	20050	2	
1017	20053	2	
1018	20054	2	
1019	20071	2	
1020	20073	2	
1021	20080	2	
1022	20094	2	
1023	20108	2	
1024	20111	2	
1025	20177	2	
1026	20206	2	
1027	20292	2	
1028	20404	2	
1029	20413	2	
1030	20424	2	
1031	20433	2	
1032	20435	2	
1033	20436	2	
1034	20440	2	
1035	20442	2	
1036	20445	2	
1037	20459	2	
1038	20461	2	
1039	20468	2	
1040	20470	2	
1041	20472	2	
1042	20508	2	
1043	20526	2	
1044	20532	2	
1045	20536	2	
1046	20544	2	
1047	20559	2	
1048	20567	2	
1049	20569	2	
1050	20576	2	
1051	20604	2	
1052	20611	2	
1053	20613	2	
1054	20616	2	
1055	20636	2	
1056	20649	2	
1057	20656	2	
1058	20669	2	
1059	20715	2	
1060	20729	2	
1061	20739	2	
1062	20752	2	
1063	20761	2	
1064	20778	2	
1065	20783	2	
1066	20785	2	
1067	20791	2	
1068	20792	2	
1069	20808	2	
1070	20811	2	
1071	20864	2	
1072	20876	2	
1073	20879	2	
1074	20881	2	
1075	20896	2	
1076	20900	2	
1077	20911	2	
1078	20920	2	
1079	20921	2	
1080	20967	2	
1081	20976	2	
1082	20989	2	
1083	20998	2	
1084	21000	2	
1085	21006	2	
1086	21008	2	
1087	21025	2	
1088	21071	2	
1089	21076	2	
1090	21095	2	
1091	21097	2	
1092	21102	2	
1093	21104	2	
1094	21134	2	
1095	21145	2	
1096	21227	2	
1097	21229	2	
1098	21273	2	
1099	21277	2	
1100	21321	2	
1101	21385	2	
1102	21445	2	
1103	21451	2	
1104	21487	2	
1105	21496	2	
1106	21512	2	
1107	21578	2	
1108	21593	2	
1109	21595	2	
1110	21601	2	
1111	21623	2	
1112	21630	2	
1113	21688	2	
1114	21690	2	
1115	21720	2	
1116	21793	2	
1117	21852	2	
1118	21860	2	
1119	21861	2	
1120	21866	2	
1121	21879	2	
1122	21881	2	
1123	21932	2	
1124	21945	2	
1125	21946	2	
1126	21958	2	
1127	21998	2	
1128	22033	2	
1129	22053	2	
1130	22057	2	
1131	22059	2	
1132	22072	2	
1133	22079	2	
1134	22144	2	
1135	22149	2	
1136	22166	2	
1137	22169	2	
1138	22170	2	
1139	22171	2	
1140	22178	2	
1141	22207	2	
1142	22209	2	
1143	22219	2	
1144	22222	2	
1145	22224	2	
1146	22226	2	
1147	22230	2	
1148	22232	2	
1149	22236	2	
1150	22238	2	
1151	22269	2	
1152	22282	2	
1153	22294	2	
1154	22301	2	
1155	22303	2	
1156	22304	2	
1157	22311	2	
1158	22316	2	
1159	22317	2	
1160	22344	2	
1161	22346	2	
1162	22349	2	
1163	22351	2	
1164	22353	2	
1165	22357	2	
1166	22359	2	
1167	22367	2	
1168	22389	2	
1169	22391	2	
1170	22392	2	
1171	22397	2	
1172	22400	2	
1173	22402	2	
1174	22404	2	
1175	22409	2	
1176	22425	2	
1177	22452	2	
1178	22454	2	
1179	22456	2	
1180	22460	2	
1181	22504	2	
1182	22508	2	
1183	22516	2	
1184	22518	2	
1185	22519	2	
1186	22520	2	
1187	22522	2	
1188	22526	2	
1189	22527	2	
1190	22528	2	
1191	22529	2	
1192	22531	2	
1193	22541	2	
1194	22542	2	
1195	22563	2	
1196	22574	2	
1197	22575	2	
1198	22577	2	
1199	22580	2	
1200	22584	2	
1201	22586	2	
1202	22588	2	
1203	22589	2	
1204	22594	2	
1205	22598	2	
1206	22599	2	
1207	22600	2	
1208	22603	2	
1209	22608	2	
1210	22626	2	
1211	22632	2	
1212	22647	2	
1213	22649	2	
1214	22651	2	
1215	22660	2	
1216	22669	2	
1217	22671	2	
1218	22677	2	
1219	22678	2	
1220	22686	2	
1221	22693	2	
1222	22695	2	
1223	22696	2	
1224	22697	2	
1225	22699	2	
1226	22701	2	
1227	22703	2	
1228	22716	2	
1229	22718	2	
1230	22722	2	
1231	22747	2	
1232	22749	2	
1233	22751	2	
1234	22753	2	
1235	22754	2	
1236	22756	2	
1237	22758	2	
1238	22759	2	
1239	22760	2	
1240	22764	2	
1241	22773	2	
1242	22774	2	
1243	22779	2	
1244	22787	2	
1245	22790	2	
1246	22791	2	
1247	22796	2	
1248	22797	2	
1249	22800	2	
1250	22803	2	
1251	22806	2	
1252	22807	2	
1253	22809	2	
1254	22811	2	
1255	22813	2	
1256	22818	2	
1257	22820	2	
1258	22822	2	
1259	22824	2	
1260	22837	2	
1261	22844	2	
1262	22846	2	
1263	22866	2	
1264	22868	2	
1265	22869	2	
1266	22870	2	
1267	22873	2	
1268	22875	2	
1269	22877	2	
1270	22884	2	
1271	22890	2	
1272	22891	2	
1273	22893	2	
1274	22894	2	
1275	22895	2	
1276	22905	2	
1277	22907	2	
1278	22938	2	
1279	23044	2	
1280	23059	2	
1281	23102	2	
1282	23162	2	
1283	23163	2	
1284	23190	2	
1285	23232	2	
1286	23237	2	
1287	23249	2	
1288	23294	2	
1289	23303	2	
1290	23313	2	
1291	23317	2	
1292	23323	2	
1293	23335	2	
1294	23365	2	
1295	23367	2	
1296	23369	2	
1297	23371	2	
1298	23373	2	
1299	23375	2	
1300	23376	2	
1301	23378	2	
1302	23380	2	
1303	23384	2	
1304	23385	2	
1305	23401	2	
1306	23402	2	
1307	23410	2	
1308	23413	2	
1309	23428	2	
1310	23430	2	
1311	23432	2	
1312	23435	2	
1313	23436	2	
1314	23437	2	
1315	23442	2	
1316	23444	2	
1317	23445	2	
1318	23447	2	
1319	23449	2	
1320	23454	2	
1321	23467	2	
1322	23470	2	
1323	23472	2	
1324	23474	2	
1325	23476	2	
1326	23479	2	
1327	23484	2	
1328	23486	2	
1329	23488	2	
1330	23489	2	
1331	23493	2	
1332	23495	2	
1333	23497	2	
1334	23499	2	
1335	23501	2	
1336	23503	2	
1337	23505	2	
1338	23508	2	
1339	23509	2	
1340	23514	2	
1341	23525	2	
1342	23526	2	
1343	23533	2	
1344	23542	2	
1345	23547	2	
1346	23554	2	
1347	23556	2	
1348	23558	2	
1349	23560	2	
1350	23568	2	
1351	23572	2	
1352	23586	2	
1353	23589	2	
1354	23591	2	
1355	23597	2	
1356	23605	2	
1357	23608	2	
1358	23610	2	
1359	23611	2	
1360	23612	2	
1361	23615	2	
1362	23621	2	
1363	23624	2	
1364	23627	2	
1365	23653	2	
1366	23674	2	
1367	23682	2	
1368	23726	2	
1369	23728	2	
1370	23735	2	
1371	23740	2	
1372	23742	2	
1373	23744	2	
1374	23746	2	
1375	23748	2	
1376	23753	2	
1377	23755	2	
1378	23757	2	
1379	23761	2	
1380	23772	2	
1381	23774	2	
1382	23778	2	
1383	23783	2	
1384	23785	2	
1385	23789	2	
1386	23791	2	
1387	23793	2	
1388	23795	2	
1389	23797	2	
1390	23799	2	
1391	23801	2	
1392	23804	2	
1393	23806	2	
1394	23807	2	
1395	23808	2	
1396	23809	2	
1397	23813	2	
1398	23815	2	
1399	23818	2	
1400	23827	2	
1401	23834	2	
1402	23843	2	
1403	23844	2	
1404	23853	2	
1405	23855	2	
1406	23857	2	
1407	23859	2	
1408	23867	2	
1409	23872	2	
1410	23874	2	
1411	23876	2	
1412	23893	2	
1413	23904	2	
1414	23906	2	
1415	23910	2	
1416	23915	2	
1417	23917	2	
1418	23922	2	
1419	23924	2	
1420	23926	2	
1421	23928	2	
1422	23930	2	
1423	23940	2	
1424	23949	2	
1425	23963	2	
1426	23968	2	
1427	23974	2	
1428	23975	2	
1429	23987	2	
1430	23989	2	
1431	24005	2	
1432	24168	2	
1433	24178	2	
1434	24184	2	
1435	24213	2	
1436	24396	2	
1437	24410	2	
1438	24421	2	
1439	24423	2	
1440	24435	2	
1441	24458	2	
1442	24514	2	
1443	24515	2	
1444	24526	2	
1445	24531	2	
1446	24532	2	
1447	24537	2	
1448	24539	2	
1449	24541	2	
1450	24543	2	
1451	24545	2	
1452	24554	2	
1453	24557	2	
1454	24559	2	
1455	24579	2	
1456	24585	2	
1457	24587	2	
1458	24589	2	
1459	24591	2	
1460	24593	2	
1461	24599	2	
1462	24637	2	
1463	24639	2	
1464	24695	2	
1465	24706	2	
1466	24721	2	
1467	24732	2	
1468	24738	2	
1469	24867	2	
1470	24904	2	
1471	24922	2	
1472	24924	2	
1473	24927	2	
1474	24957	2	
1475	24958	2	
1476	24960	2	
1477	25004	2	
1478	25119	2	
1479	25282	2	
1480	25284	2	
1481	25289	2	
1482	25295	2	
1483	25296	2	
1484	25298	2	
1485	25309	2	
1486	25312	2	
1487	25315	2	
1488	25321	2	
1489	25323	2	
1490	25328	2	
1491	25364	2	
1492	25642	2	
1493	25652	2	
1494	25661	2	
1495	25663	2	
1496	25668	2	
1497	25670	2	
1498	25682	2	
1499	25684	2	
1500	25686	2	
1501	25687	2	
1502	25689	2	
1503	25691	2	
1504	25862	2	
1505	25865	2	
1506	25940	2	
1507	26014	2	
1508	26016	2	
1509	26018	2	
1510	26020	2	
1511	26022	2	
1512	26025	2	
1513	26027	2	
1514	26028	2	
1515	26035	2	
1516	26036	2	
1517	26037	2	
1518	26038	2	
1519	26040	2	
1520	26041	2	
1521	26043	2	
1522	26044	2	
1523	26053	2	
1524	26055	2	
1525	26056	2	
1526	26059	2	
1527	26061	2	
1528	26062	2	
1529	26066	2	
1530	26185	2	
1531	26227	2	
1532	26270	2	
1533	26271	2	
1534	26274	2	
1535	26278	2	
1536	26380	2	
1537	26394	2	
1538	26396	2	
1539	26398	2	
1540	26400	2	
1541	26402	2	
1542	26404	2	
1543	26406	2	
1544	26408	2	
1545	26410	2	
1546	26411	2	
1547	26412	2	
1548	26413	2	
1549	26414	2	
1550	26415	2	
1551	26416	2	
1552	26417	2	
1553	26424	2	
1554	26425	2	
1555	26426	2	
1556	26427	2	
1557	26428	2	
1558	26429	2	
1559	26430	2	
1560	26431	2	
1561	26434	2	
1562	26436	2	
1563	26438	2	
1564	26440	2	
1565	26441	2	
1566	26442	2	
1567	26443	2	
1568	26444	2	
1569	26446	2	
1570	26449	2	
1571	26480	2	
1572	26482	2	
1573	26565	2	
1574	26609	2	
1575	26729	2	
1576	26761	2	
1577	26768	2	
1578	26770	2	
1579	26772	2	
1580	26774	2	
1581	26776	2	
1582	26777	2	
1583	26779	2	
1584	26780	2	
1585	26781	2	
1586	26782	2	
1587	26783	2	
1588	26785	2	
1589	26786	2	
1590	26787	2	
1591	26788	2	
1592	26789	2	
1593	26790	3	
1594	26791	2	
1595	26792	2	
1596	26793	2	
1597	26794	2	
1598	26795	2	
1599	26799	2	
1600	26800	2	
1601	26802	2	
1602	26803	2	
1603	26808	2	
1604	26809	2	
1605	26811	2	
1606	26819	2	
1607	26832	2	
1608	26834	2	
1609	26844	2	
1610	26994	2	
1611	26999	2	
1612	27003	2	
1613	27005	2	
1614	27139	2	
1615	27142	2	
1616	27144	2	
1617	27145	2	
1618	27146	2	
1619	27147	2	
1620	27148	2	
1621	27150	2	
1622	27151	2	
1623	27152	2	
1624	27153	2	
1625	27154	2	
1626	27155	2	
1627	27156	2	
1628	27157	2	
1629	27158	2	
1630	27159	2	
1631	27160	2	
1632	27161	2	
1633	27162	2	
1634	27163	2	
1635	27164	2	
1636	27165	3	
1637	27166	3	
1638	27167	5	
1639	27168	3	
1640	27169	6	
1641	27170	7	
1642	27171	7	
1643	27172	2	
1644	27173	2	
1645	27174	2	
1646	27176	2	
1647	27177	2	
1648	27178	2	
1649	27179	2	
1650	27180	2	
1651	27182	2	
1652	27183	2	
1653	27185	2	
1654	27186	2	
1655	27187	2	
1656	27188	2	
1657	27189	2	
1658	27190	2	
1659	27191	2	
1660	27192	2	
1661	27193	2	
1662	27194	2	
1663	27195	2	
1664	27197	2	
1665	27199	2	
1666	27201	2	
1667	27204	2	
1668	27207	2	
1669	27211	2	
1670	27212	2	
1671	27345	2	
1672	27351	2	
1673	27514	2	
1674	27516	2	
1675	27520	2	
1676	27523	2	
1677	27525	2	
1678	27527	2	
1679	27532	2	
1680	27534	2	
1681	27535	2	
1682	27536	2	
1683	27537	3	
1684	27538	3	
1685	27539	8	
1686	27540	10	
1687	27541	7	
1688	27542	5	
1689	27543	5	
1690	27544	4	
1691	27545	5	
1692	27546	5	
1693	27547	2	
1694	27548	3	
1695	27549	3	
1696	27550	3	
1697	27551	2	
1698	27553	3	
1699	27555	2	
1700	27556	2	
1701	27557	2	
1702	27558	2	
1703	27559	2	
1704	27560	2	
1705	27569	2	
1706	27573	2	
1707	27939	2	
1708	27940	2	
1709	27941	2	
1710	27947	2	
1711	27949	2	
1712	27951	2	
1713	27952	2	
1714	27954	2	
1715	27955	2	
1716	27956	2	
1717	27957	2	
1718	27958	2	
1719	27959	2	
1720	27960	2	
1721	27961	2	
1722	27962	2	
1723	27963	2	
1724	27964	2	
1725	27965	2	
1726	27966	2	
1727	27967	3	
1728	27968	4	
1729	27969	6	
1730	27970	10	
1731	27971	8	
1732	27972	8	
1733	27973	8	
1734	27974	8	
1735	27975	6	
1736	27976	4	
1737	27977	6	
1738	27978	4	
1739	27979	4	
1740	27980	4	
1741	27981	5	
1742	27982	3	
1743	27983	4	
1744	27984	3	
1745	27985	2	
1746	27986	2	
1747	27987	2	
1748	27988	2	
1749	27989	3	
1750	27990	3	
1751	27991	2	
1752	27993	2	
1753	27994	2	
1754	27995	2	
1755	27997	2	
1756	27998	2	
1757	27999	2	
1758	28000	2	
1759	28001	2	
1760	28002	2	
1761	28004	2	
1762	28007	2	
1763	28008	2	
1764	28009	2	
1765	28012	2	
1766	28015	2	
1767	28037	2	
