This run aims to check if discrepancy is less than 0.0073
each row contains covering data for one orbit at phi, i.e. z = sin(phi), with the range of indices of directions corresponding to this orbit and the expected confidence radius at it. dtheta shows the amount that directions vary horizontally at this orbit.
 fd = first direction, ld = last direction, #d = number of directions 

number,	phi,                	expected radius,    	dtheta,             	covered phi,        	fd,    	ld,    	#d,    	

1,     	1.555886334089,     	0.004516400917,     	0.305645362602,     	1.552144122231,     	0,     	11,    	12,    	
2,     	1.543073031569,     	0.010088829594,     	0.371025800505,     	1.534768871229,     	12,    	21,    	10,    	
3,     	1.527172777485,     	0.008655155212,     	0.210516080151,     	1.519835154588,     	22,    	38,    	17,    	
4,     	1.512225936992,     	0.008696394908,     	0.149045159661,     	1.504794894512,     	39,    	60,    	22,    	
5,     	1.497018608335,     	0.008868900637,     	0.120392919497,     	1.489471012218,     	61,    	87,    	27,    	
6,     	1.481841461023,     	0.008772420322,     	0.103816424623,     	1.474277217172,     	88,    	119,   	32,    	
7,     	1.466836439741,     	0.008712948857,     	0.083986518994,     	1.459376802751,     	120,   	157,   	38,    	
8,     	1.451917756248,     	0.008687092397,     	0.077170616797,     	1.444473470874,     	158,   	200,   	43,    	
9,     	1.436825326659,     	0.008750730684,     	0.068765387293,     	1.429262704986,     	201,   	248,   	48,    	
10,    	1.421686959654,     	0.008684614326,     	0.062561147512,     	1.414133735634,     	249,   	301,   	53,    	
11,    	1.406740917836,     	0.008635265855,     	0.05287929097,      	1.399318827507,     	302,   	360,   	59,    	
12,    	1.392180419887,     	0.008463242328,     	0.05301770733,      	1.384892422318,     	361,   	423,   	63,    	
13,    	1.377476824147,     	0.008530123119,     	0.047446666983,     	1.369933330417,     	424,   	490,   	67,    	
14,    	1.362591130734,     	0.008463802238,     	0.047291044075,     	1.355109991071,     	491,   	563,   	73,    	
15,    	1.347566791882,     	0.008737193597,     	0.040312713199,     	1.340028065134,     	564,   	641,   	78,    	
16,    	1.332469664309,     	0.008727995975,     	0.0410881099,       	1.324943744661,     	642,   	725,   	84,    	
17,    	1.317360158291,     	0.008916171163,     	0.035898505342,     	1.30967684692,      	726,   	813,   	88,    	
18,    	1.301719559931,     	0.009157622108,     	0.034449375463,     	1.293826787741,     	814,   	903,   	90,    	
19,    	1.285443533444,     	0.009644574169,     	0.034263528068,     	1.277130660689,     	904,   	993,   	90,    	
20,    	1.267948014085,     	0.010673513585,     	0.036374043493,     	1.258749972113,     	994,   	1080,  	87,    	
21,    	1.249501301264,     	0.010674388084,     	0.035707878573,     	1.240250548387,     	1081,  	1170,  	90,    	
22,    	1.231673803814,     	0.009901393184,     	0.03076171285,      	1.223107840988,     	1171,  	1274,  	104,   	
23,    	1.215067737678,     	0.009276571147,     	0.028925982206,     	1.207062887903,     	1275,  	1389,  	115,   	
24,    	1.199041593581,     	0.009231796974,     	0.02541506835,      	1.191043549978,     	1390,  	1508,  	119,   	
25,    	1.182588944995,     	0.009771201704,     	0.027532167423,     	1.174077947815,     	1509,  	1625,  	117,   	
26,    	1.165236481828,     	0.010194239894,     	0.027469922097,     	1.156228764404,     	1626,  	1739,  	114,   	
27,    	1.147232752591,     	0.010435847007,     	0.026431528968,     	1.137979632576,     	1740,  	1856,  	117,   	
28,    	1.130062569518,     	0.009370271732,     	0.023783849614,     	1.121669855242,     	1857,  	1987,  	131,   	
29,    	1.113946126127,     	0.008967466259,     	0.020812876765,     	1.106037325022,     	1988,  	2129,  	142,   	
30,    	1.098825310974,     	0.008512883266,     	0.019693721419,     	1.091351262773,     	2130,  	2278,  	149,   	
31,    	1.083594367282,     	0.008988490852,     	0.020547240748,     	1.075829116331,     	2279,  	2431,  	153,   	
32,    	1.068842653924,     	0.008053800929,     	0.018920551169,     	1.061638966619,     	2432,  	2589,  	158,   	
33,    	1.053913822071,     	0.008934280922,     	0.01951473044,      	1.046194010016,     	2590,  	2752,  	163,   	
34,    	1.038402859879,     	0.009032465348,     	0.017794795233,     	1.030597773206,     	2753,  	2921,  	169,   	
35,    	1.02309309675,      	0.008665256324,     	0.016861686054,     	1.015604106067,     	2922,  	3096,  	175,   	
36,    	1.007663888487,     	0.009194903348,     	0.018768422702,     	0.999717552935,     	3097,  	3270,  	174,   	
37,    	0.991867115633,     	0.009072066587,     	0.018571444332,     	0.984026161284,     	3271,  	3445,  	175,   	
38,    	0.97595419201,      	0.009326200018,     	0.016642886513,     	0.967893476881,     	3446,  	3620,  	175,   	
39,    	0.95936714751,      	0.009867805278,     	0.017190363089,     	0.950838670819,     	3621,  	3796,  	176,   	
40,    	0.942434701586,     	0.009702284256,     	0.018188634792,     	0.934048405697,     	3797,  	3972,  	176,   	
41,    	0.925894251952,     	0.009454221373,     	0.017618948521,     	0.917721449096,     	3973,  	4159,  	187,   	
42,    	0.910080046036,     	0.008815496461,     	0.017297312071,     	0.902458051048,     	4160,  	4356,  	197,   	
43,    	0.894829017802,     	0.008815315489,     	0.016731108988,     	0.887206793063,     	4357,  	4562,  	206,   	
44,    	0.880480328175,     	0.007793088188,     	0.01517698695,      	0.873469082577,     	4563,  	4773,  	211,   	
45,    	0.867010608809,     	0.007484433913,     	0.016525714506,     	0.86029309963,      	4774,  	4986,  	213,   	
46,    	0.853721955784,     	0.007587535292,     	0.016484671474,     	0.847090957912,     	4987,  	5200,  	214,   	
47,    	0.841183488712,     	0.006922018163,     	0.016445570606,     	0.834960133499,     	5201,  	5419,  	219,   	
48,    	0.829565312074,     	0.00622878595,      	0.015230110165,     	0.823821460386,     	5420,  	5649,  	230,   	
49,    	0.817642111162,     	0.007155285271,     	0.012934267507,     	0.811452252263,     	5650,  	5891,  	242,   	
50,    	0.806031048041,     	0.006293787007,     	0.013649206526,     	0.800554246602,     	5892,  	6131,  	240,   	
51,    	0.793379677137,     	0.008282732467,     	0.014129087545,     	0.786215292943,     	6132,  	6364,  	233,   	
52,    	0.779479192788,     	0.007804262855,     	0.013534373182,     	0.772727992329,     	6365,  	6597,  	233,   	
53,    	0.766822285759,     	0.006841316057,     	0.01346995454,      	0.760903146233,     	6598,  	6830,  	233,   	
54,    	0.753256748927,     	0.008842465839,     	0.014717367294,     	0.745608063841,     	6831,  	7066,  	236,   	
55,    	0.738082474572,     	0.0086985755,       	0.014823088384,     	0.730557842867,     	7067,  	7304,  	238,   	
56,    	0.725608557498,     	0.00571382271,      	0.013337759922,     	0.720250391558,     	7305,  	7552,  	248,   	
57,    	0.713873513316,     	0.007358173673,     	0.013023669105,     	0.707506982129,     	7553,  	7809,  	257,   	
58,    	0.700704167058,     	0.007924553485,     	0.012030675584,     	0.693847888002,     	7810,  	8074,  	265,   	
59,    	0.686808855453,     	0.00812429127,      	0.011267636146,     	0.679779739591,     	8075,  	8339,  	265,   	
60,    	0.673118456868,     	0.007694834337,     	0.012698553533,     	0.666460403388,     	8340,  	8607,  	268,   	
61,    	0.660967455608,     	0.006357111179,     	0.012324244905,     	0.655123686974,     	8608,  	8871,  	264,   	
62,    	0.648524250966,     	0.007620653264,     	0.011144020318,     	0.641929540765,     	8872,  	9132,  	261,   	
63,    	0.636399108224,     	0.006409157816,     	0.012252497202,     	0.630430441222,     	9133,  	9397,  	265,   	
64,    	0.624675226334,     	0.006651534924,     	0.012275679317,     	0.618918794399,     	9398,  	9669,  	272,   	
65,    	0.613453338493,     	0.006310831832,     	0.012810446278,     	0.60778859583,      	9670,  	9950,  	281,   	
66,    	0.602894769111,     	0.005652280628,     	0.012951994098,     	0.597808697289,     	9951,  	10224, 	274,   	
67,    	0.591197198507,     	0.007634674026,     	0.011513712085,     	0.584573404436,     	10225, 	10497, 	273,   	
68,    	0.577555618217,     	0.008103223377,     	0.01164827412,      	0.57054333137,      	10498, 	10771, 	274,   	
69,    	0.56360331259,      	0.008037219521,     	0.011542440519,     	0.556647941995,     	10772, 	11048, 	277,   	
70,    	0.549431610369,     	0.008518963065,     	0.011111442855,     	0.542059482235,     	11049, 	11328, 	280,   	
71,    	0.53503772052,      	0.008107955676,     	0.012137424922,     	0.528020857041,     	11329, 	11611, 	283,   	
72,    	0.52180892971,      	0.007200198918,     	0.011844129126,     	0.515437327982,     	11612, 	11900, 	289,   	
73,    	0.508212784978,     	0.008337962037,     	0.011973905885,     	0.500996696915,     	11901, 	12193, 	293,   	
74,    	0.494699810859,     	0.007292174355,     	0.010757429747,     	0.488366478631,     	12194, 	12493, 	300,   	
75,    	0.481965028689,     	0.007393090599,     	0.010805915082,     	0.475446773295,     	12494, 	12795, 	302,   	
76,    	0.468324130365,     	0.008219624618,     	0.011529317751,     	0.461200088928,     	12796, 	13096, 	301,   	
77,    	0.453976017063,     	0.008336788113,     	0.010640565565,     	0.446760344438,     	13097, 	13401, 	305,   	
78,    	0.439676170522,     	0.008182690317,     	0.010696065063,     	0.432593650263,     	13402, 	13707, 	306,   	
79,    	0.425062740458,     	0.008700458317,     	0.010985020616,     	0.41753215822,      	13708, 	14013, 	306,   	
80,    	0.410707794362,     	0.007899932076,     	0.010832605235,     	0.403738149001,     	14014, 	14323, 	310,   	
81,    	0.396526754483,     	0.008364522487,     	0.009841295465,     	0.389268509928,     	14324, 	14636, 	313,   	
82,    	0.381944549539,     	0.00852373433,      	0.011341935213,     	0.37456638234,      	14637, 	14949, 	313,   	
83,    	0.367525048069,     	0.008146787077,     	0.010393337188,     	0.360472878717,     	14950, 	15264, 	315,   	
84,    	0.353712018138,     	0.007827012594,     	0.01099420498,      	0.346780276426,     	15265, 	15580, 	316,   	
85,    	0.339565749022,     	0.008330113863,     	0.011436389797,     	0.332290913932,     	15581, 	15896, 	316,   	
86,    	0.325524072652,     	0.00782023381,      	0.010498448404,     	0.31862154998,      	15897, 	16215, 	319,   	
87,    	0.311475253351,     	0.008280788062,     	0.009726325056,     	0.304305959596,     	16216, 	16533, 	318,   	
88,    	0.297322461128,     	0.008086335331,     	0.011156177916,     	0.290188577582,     	16534, 	16855, 	322,   	
89,    	0.283135848619,     	0.008164323003,     	0.010670331057,     	0.275915195056,     	16856, 	17176, 	321,   	
90,    	0.269849779964,     	0.007012248373,     	0.009932347444,     	0.263341674867,     	17177, 	17501, 	325,   	
91,    	0.256301705512,     	0.008138888991,     	0.010262587096,     	0.249255352045,     	17502, 	17828, 	327,   	
92,    	0.242805585202,     	0.007480987359,     	0.010874190532,     	0.23621931398,      	17829, 	18157, 	329,   	
93,    	0.229076046652,     	0.008269790312,     	0.010008383738,     	0.221837901757,     	18158, 	18483, 	326,   	
94,    	0.214871913196,     	0.008061185423,     	0.009805631068,     	0.2078924567,       	18484, 	18812, 	329,   	
95,    	0.201041104057,     	0.007929334755,     	0.010656639181,     	0.194051221292,     	18813, 	19143, 	331,   	
96,    	0.186873524394,     	0.008324691712,     	0.00906636659,      	0.179516346404,     	19144, 	19473, 	330,   	
97,    	0.172808080132,     	0.007761624017,     	0.009946321609,     	0.165759494971,     	19474, 	19808, 	335,   	
98,    	0.15922669174,      	0.007543220567,     	0.00940919183,      	0.152547073245,     	19809, 	20147, 	339,   	
99,    	0.14605294644,      	0.007526374504,     	0.008855832852,     	0.139535925763,     	20148, 	20490, 	343,   	
100,   	0.133285917466,     	0.007226317422,     	0.009623701177,     	0.126522253283,     	20491, 	20835, 	345,   	
101,   	0.11997400531,      	0.007561061748,     	0.010129705046,     	0.113237111438,     	20836, 	21174, 	339,   	
102,   	0.106480889077,     	0.007807098101,     	0.007851587469,     	0.099656767795,     	21175, 	21514, 	340,   	
103,   	0.093399422982,     	0.00740778554,      	0.009996040009,     	0.086884641691,     	21515, 	21852, 	338,   	
104,   	0.080051884483,     	0.007980835675,     	0.009643634306,     	0.073140880146,     	21853, 	22190, 	338,   	
105,   	0.066570870451,     	0.007611502941,     	0.009223577296,     	0.059979566395,     	22191, 	22530, 	340,   	
106,   	0.053747251409,     	0.007196456336,     	0.009825813596,     	0.047501859306,     	22531, 	22875, 	345,   	
107,   	0.041734964478,     	0.00667000029,      	0.009159975055,     	0.035958785632,     	22876, 	23226, 	351,   	
108,   	0.029752791922,     	0.007182876881,     	0.010028310211,     	0.023532403227,     	23227, 	23587, 	361,   	
109,   	0.017495284497,     	0.006977136064,     	0.009142345901,     	0.011452989475,     	23588, 	23952, 	365,   	
110,   	0.006917357852,     	0.005243578097,     	0.009332805956,     	0.002376299559,     	23953, 	24305, 	353,   	
111,   	0,                  	0.003917121159,     	0.007934054861,     	-0.003392331158,    	24306, 	24784, 	479,   	
