number	direction_ind	# of covercap	
0	58	2	
1	87	2	
2	89	2	
3	90	2	
4	102	2	
5	112	2	
6	115	2	
7	172	2	
8	183	2	
9	185	2	
10	247	2	
11	251	2	
12	252	2	
13	253	2	
14	321	2	
15	323	2	
16	334	2	
17	342	2	
18	366	2	
19	401	2	
20	417	2	
21	426	2	
22	429	2	
23	431	2	
24	435	2	
25	442	2	
26	472	2	
27	474	2	
28	476	2	
29	477	2	
30	481	2	
31	486	2	
32	488	2	
33	490	2	
34	495	2	
35	499	2	
36	540	2	
37	566	2	
38	568	2	
39	574	2	
40	576	2	
41	586	2	
42	596	2	
43	614	2	
44	615	2	
45	618	2	
46	623	2	
47	680	2	
48	681	2	
49	683	2	
50	705	2	
51	709	2	
52	713	2	
53	719	2	
54	799	2	
55	802	2	
56	862	2	
57	863	2	
58	866	2	
59	877	2	
60	887	2	
61	888	2	
62	889	2	
63	907	2	
64	928	2	
65	931	2	
66	963	2	
67	1100	2	
68	1101	2	
69	1124	2	
70	1203	2	
71	1206	2	
72	1378	2	
73	1379	2	
74	1380	2	
75	1381	2	
76	1382	2	
77	1383	2	
78	1384	2	
79	1386	2	
80	1387	2	
81	1388	2	
82	1390	2	
83	1391	2	
84	1394	2	
85	1396	2	
86	1449	2	
87	1477	2	
88	1480	2	
89	1481	2	
90	1482	2	
91	1484	2	
92	1497	2	
93	1529	2	
94	1530	2	
95	1531	2	
96	1537	2	
97	1547	2	
98	1585	2	
99	1588	2	
100	1595	2	
101	1598	2	
102	1603	2	
103	1659	2	
104	1677	2	
105	1682	2	
106	1707	2	
107	1718	2	
108	1745	2	
109	1812	2	
110	1860	2	
111	1887	2	
112	1896	2	
113	1897	2	
114	1900	2	
115	1910	2	
116	1928	2	
117	1932	2	
118	1936	2	
119	1972	2	
120	1973	2	
121	1996	2	
122	2133	2	
123	2146	2	
124	2147	2	
125	2150	2	
126	2162	2	
127	2171	2	
128	2173	2	
129	2174	2	
130	2179	2	
131	2181	2	
132	2183	2	
133	2186	2	
134	2188	2	
135	2191	2	
136	2196	2	
137	2198	2	
138	2200	2	
139	2201	2	
140	2202	2	
141	2203	2	
142	2205	2	
143	2206	2	
144	2208	2	
145	2213	2	
146	2216	2	
147	2217	2	
148	2220	2	
149	2221	2	
150	2223	2	
151	2224	2	
152	2235	2	
153	2238	2	
154	2257	2	
155	2289	2	
156	2296	2	
157	2299	2	
158	2310	2	
159	2311	2	
160	2375	2	
161	2378	2	
162	2382	2	
163	2386	2	
164	2388	2	
165	2395	2	
166	2398	2	
167	2399	2	
168	2405	2	
169	2408	2	
170	2424	2	
171	2447	2	
172	2527	2	
173	2538	2	
174	2541	2	
175	2544	2	
176	2713	2	
177	2719	2	
178	2722	2	
179	2730	2	
180	2731	2	
181	2760	2	
182	2805	2	
183	2851	2	
184	2859	2	
185	2868	2	
186	3042	2	
187	3046	2	
188	3047	2	
189	3049	2	
190	3050	2	
191	3052	2	
192	3055	2	
193	3056	2	
194	3061	2	
195	3069	2	
196	3071	2	
197	3076	2	
198	3094	2	
199	3095	2	
200	3096	2	
201	3099	2	
202	3101	2	
203	3113	2	
204	3126	2	
205	3128	2	
206	3133	2	
207	3137	2	
208	3139	2	
209	3148	2	
210	3154	2	
211	3170	2	
212	3180	2	
213	3186	2	
214	3202	2	
215	3204	2	
216	3207	2	
217	3208	2	
218	3209	2	
219	3210	2	
220	3212	2	
221	3216	2	
222	3217	2	
223	3218	2	
224	3219	2	
225	3222	2	
226	3225	2	
227	3226	2	
228	3228	2	
229	3233	2	
230	3235	2	
231	3240	2	
232	3245	2	
233	3256	2	
234	3298	2	
235	3309	2	
236	3322	2	
237	3338	2	
238	3348	2	
239	3349	2	
240	3386	2	
241	3389	2	
242	3390	2	
243	3391	2	
244	3393	2	
245	3394	2	
246	3395	2	
247	3396	2	
248	3397	2	
249	3399	2	
250	3400	2	
251	3401	2	
252	3403	2	
253	3404	2	
254	3418	2	
255	3458	2	
256	3568	2	
257	3569	2	
258	3570	2	
259	3574	2	
260	3575	2	
261	3576	2	
262	3581	2	
263	3590	2	
264	3592	2	
265	3628	2	
266	3651	2	
267	3658	2	
268	3659	2	
269	3663	2	
270	3667	2	
271	3683	2	
272	3688	2	
273	3690	2	
274	3710	2	
275	3711	2	
276	3727	2	
277	3738	2	
278	3739	2	
279	3740	2	
280	3741	2	
281	3742	2	
282	3743	2	
283	3744	2	
284	3745	2	
285	3750	2	
286	3753	2	
287	3754	2	
288	3755	2	
289	3756	2	
290	3757	2	
291	3770	2	
292	3779	2	
293	3781	2	
294	3785	2	
295	3787	2	
296	3792	2	
297	3801	2	
298	3828	2	
299	3838	2	
300	3848	2	
301	3894	2	
302	3895	2	
303	3906	2	
304	3909	2	
305	3925	2	
306	3928	2	
307	3930	2	
308	3931	2	
309	3934	2	
310	4033	2	
311	4127	2	
312	4133	2	
313	4152	2	
314	4154	2	
315	4155	2	
316	4166	2	
317	4168	2	
318	4170	2	
319	4172	2	
320	4198	2	
321	4199	2	
322	4204	2	
323	4208	2	
324	4214	2	
325	4225	2	
326	4228	2	
327	4235	2	
328	4246	2	
329	4255	2	
330	4256	2	
331	4258	2	
332	4262	2	
333	4263	2	
334	4264	2	
335	4265	2	
336	4284	2	
337	4291	2	
338	4297	2	
339	4299	2	
340	4305	2	
341	4320	2	
342	4321	2	
343	4324	2	
344	4330	2	
345	4333	2	
346	4334	2	
347	4335	2	
348	4344	2	
349	4345	2	
350	4346	2	
351	4347	2	
352	4363	2	
353	4364	2	
354	4411	2	
355	4413	2	
356	4415	2	
357	4417	2	
358	4435	2	
359	4508	2	
360	4510	2	
361	4537	2	
362	4538	2	
363	4571	2	
364	4572	2	
365	4573	2	
366	4585	2	
367	4587	2	
368	4590	2	
369	4617	2	
370	4625	2	
371	4647	2	
372	4667	2	
373	4727	2	
374	4739	2	
375	4740	2	
376	4779	2	
377	4780	2	
378	4940	2	
379	4941	2	
380	4964	2	
381	4987	2	
382	5013	2	
383	5044	2	
384	5046	2	
385	5048	2	
386	5053	2	
387	5055	2	
388	5057	2	
389	5058	2	
390	5069	2	
391	5070	2	
392	5072	2	
393	5080	2	
394	5084	2	
395	5085	2	
396	5094	2	
397	5095	2	
398	5126	2	
399	5149	2	
400	5150	2	
401	5152	2	
402	5173	2	
403	5200	2	
404	5296	2	
405	5370	2	
406	5425	2	
407	5443	2	
408	5447	2	
409	5462	2	
410	5481	2	
411	5491	2	
412	5495	2	
413	5501	2	
414	5502	2	
415	5505	2	
416	5506	2	
417	5510	2	
418	5512	2	
419	5517	2	
420	5519	2	
421	5523	2	
422	5601	2	
423	5615	2	
424	5714	2	
425	5720	2	
426	5740	2	
427	5750	2	
428	5760	2	
429	5973	2	
430	5978	2	
431	5991	2	
432	5995	2	
433	6237	2	
434	6244	2	
435	6459	2	
436	6468	2	
437	6496	2	
438	6693	2	
439	6696	2	
440	6697	2	
441	6699	2	
442	6700	2	
443	6703	2	
444	6748	2	
445	6749	2	
446	6752	2	
447	6753	2	
448	6755	2	
449	6756	2	
450	6881	2	
451	6920	2	
452	6933	2	
453	6934	2	
454	6935	2	
455	6937	2	
456	6938	2	
457	6939	2	
458	6940	2	
459	6941	2	
460	6942	2	
461	6974	2	
462	6998	2	
463	7001	2	
464	7002	2	
465	7003	2	
466	7004	2	
467	7005	2	
468	7006	2	
469	7008	2	
470	7009	2	
471	7010	2	
472	7023	2	
473	7176	2	
474	7179	2	
475	7180	2	
476	7181	2	
477	7182	2	
478	7183	2	
479	7257	2	
480	7258	2	
481	7259	2	
482	7260	2	
483	7261	2	
484	7262	2	
485	7426	2	
486	7427	2	
487	7428	2	
488	7429	2	
489	7430	2	
490	7515	2	
491	7516	2	
492	7518	2	
493	7519	2	
494	7676	2	
495	7678	2	
496	7679	2	
497	7773	2	
498	7774	2	
499	7775	2	
500	7776	2	
501	7933	2	
502	7934	2	
503	7935	2	
504	8038	2	
505	8039	2	
506	8133	2	
507	8150	2	
508	8163	2	
509	8189	2	
510	8191	2	
511	8192	2	
512	8193	2	
513	8194	2	
514	8195	2	
515	8196	2	
516	8300	2	
517	8302	2	
518	8303	2	
519	8304	2	
520	8305	2	
521	8306	2	
522	8307	2	
523	8311	2	
524	8321	2	
525	8333	2	
526	8374	2	
527	8450	2	
528	8451	2	
529	8452	2	
530	8453	2	
531	8454	2	
532	8455	2	
533	8457	2	
534	8458	2	
535	8463	2	
536	8481	2	
537	8568	2	
538	8569	2	
539	8570	2	
540	8571	2	
541	8572	2	
542	8573	2	
543	8574	2	
544	8577	2	
545	8580	2	
546	8582	2	
547	8597	2	
548	8626	2	
549	8707	2	
550	8709	2	
551	8711	2	
552	8714	2	
553	8715	2	
554	8716	2	
555	8717	2	
556	8718	2	
557	8719	2	
558	8721	2	
559	8749	2	
560	8837	2	
561	8838	2	
562	8839	2	
563	8840	2	
564	8841	2	
565	8842	2	
566	8843	2	
567	8847	2	
568	8848	2	
569	8849	2	
570	8851	2	
571	8863	2	
572	8981	2	
573	8982	2	
574	8983	2	
575	8984	2	
576	8985	2	
577	8986	2	
578	9113	2	
579	9114	2	
580	9115	2	
581	9117	2	
582	9118	2	
583	9256	2	
584	9392	2	
585	9534	2	
586	9535	2	
587	9672	2	
588	9675	2	
589	9678	2	
590	9686	2	
591	9806	2	
592	9810	2	
593	9811	2	
594	9812	2	
595	9813	2	
596	9816	2	
597	9817	2	
598	9818	2	
599	9821	2	
600	9822	2	
601	9824	2	
602	9825	2	
603	9960	2	
604	9962	2	
605	9963	2	
606	9964	2	
607	9966	2	
608	9967	2	
609	9969	2	
610	9972	2	
611	9974	2	
612	9981	2	
613	9982	2	
614	10037	2	
615	10049	2	
616	10058	2	
617	10074	2	
618	10090	2	
619	10092	2	
620	10098	2	
621	10101	2	
622	10102	2	
623	10103	2	
624	10104	2	
625	10105	2	
626	10106	2	
627	10107	2	
628	10108	2	
629	10109	2	
630	10110	2	
631	10112	2	
632	10136	2	
633	10215	2	
634	10251	2	
635	10253	2	
636	10254	2	
637	10255	2	
638	10256	2	
639	10257	2	
640	10258	2	
641	10259	2	
642	10260	2	
643	10262	2	
644	10263	2	
645	10266	2	
646	10269	2	
647	10270	2	
648	10299	2	
649	10303	2	
650	10324	2	
651	10377	2	
652	10380	2	
653	10386	2	
654	10390	2	
655	10391	2	
656	10392	2	
657	10393	2	
658	10394	2	
659	10396	2	
660	10397	2	
661	10538	2	
662	10544	2	
663	10548	2	
664	10549	2	
665	10551	2	
666	10553	2	
667	10554	2	
668	10556	2	
669	10558	2	
670	10559	2	
671	10565	2	
672	10583	2	
673	10670	2	
674	10679	2	
675	10691	2	
676	10847	2	
677	10856	2	
678	10857	2	
679	10978	2	
680	10982	2	
681	10983	2	
682	10985	2	
683	10988	2	
684	11147	2	
685	11153	2	
686	11154	2	
687	11161	2	
688	11284	2	
689	11286	2	
690	11288	2	
691	11459	2	
692	11462	2	
693	11771	2	
694	11899	2	
695	12083	2	
696	12084	2	
697	12209	2	
698	12210	2	
699	12212	2	
700	12214	2	
701	12397	2	
702	12520	2	
703	12523	2	
704	12709	2	
705	12712	2	
706	12773	2	
707	12778	2	
708	12831	2	
709	12832	2	
710	12833	2	
711	12834	2	
712	12835	2	
713	12836	2	
714	12880	2	
715	12887	2	
716	12949	2	
717	12952	2	
718	12972	2	
719	13022	2	
720	13023	2	
721	13024	2	
722	13025	2	
723	13026	2	
724	13027	2	
725	13028	2	
726	13035	2	
727	13040	2	
728	13087	2	
729	13093	2	
730	13098	2	
731	13104	2	
732	13106	2	
733	13108	2	
734	13113	2	
735	13124	2	
736	13131	2	
737	13132	2	
738	13138	2	
739	13140	2	
740	13143	2	
741	13144	2	
742	13145	2	
743	13146	2	
744	13147	2	
745	13149	2	
746	13150	2	
747	13165	2	
748	13171	2	
749	13174	2	
750	13189	2	
751	13201	2	
752	13207	2	
753	13222	2	
754	13224	2	
755	13269	2	
756	13276	2	
757	13282	2	
758	13291	2	
759	13305	2	
760	13317	2	
761	13323	2	
762	13325	2	
763	13329	2	
764	13332	2	
765	13336	2	
766	13341	2	
767	13342	2	
768	13343	2	
769	13344	2	
770	13345	2	
771	13346	2	
772	13347	2	
773	13348	2	
774	13359	2	
775	13364	2	
776	13378	2	
777	13381	2	
778	13383	2	
779	13385	2	
780	13388	2	
781	13391	2	
782	13394	2	
783	13398	2	
784	13410	2	
785	13413	2	
786	13417	2	
787	13420	2	
788	13423	2	
789	13430	2	
790	13455	2	
791	13458	2	
792	13459	2	
793	13462	2	
794	13463	2	
795	13464	2	
796	13465	2	
797	13466	2	
798	13467	2	
799	13478	2	
800	13490	2	
801	13498	2	
802	13502	2	
803	13568	2	
804	13582	2	
805	13599	2	
806	13614	2	
807	13620	2	
808	13630	2	
809	13633	2	
810	13636	2	
811	13648	2	
812	13651	2	
813	13660	2	
814	13668	2	
815	13670	2	
816	13671	2	
817	13674	2	
818	13676	2	
819	13688	2	
820	13696	2	
821	13721	2	
822	13726	2	
823	13732	2	
824	13735	2	
825	13737	2	
826	13747	2	
827	13755	2	
828	13769	2	
829	13777	2	
830	13785	2	
831	13787	2	
832	13788	2	
833	13789	2	
834	13790	2	
835	13791	2	
836	13792	2	
837	13794	2	
838	13797	2	
839	13811	2	
840	13815	2	
841	13823	2	
842	13839	2	
843	13892	2	
844	13895	2	
845	13898	2	
846	13899	2	
847	13900	2	
848	13906	2	
849	13918	2	
850	13947	2	
851	13950	2	
852	13956	2	
853	13960	2	
854	13968	2	
855	13990	2	
856	13997	2	
857	13998	2	
858	13999	2	
859	14000	2	
860	14002	2	
861	14003	2	
862	14008	2	
863	14010	2	
864	14025	2	
865	14039	2	
866	14043	2	
867	14049	2	
868	14056	2	
869	14059	2	
870	14066	2	
871	14069	2	
872	14076	2	
873	14077	2	
874	14079	2	
875	14110	2	
876	14111	2	
877	14115	2	
878	14116	2	
879	14117	2	
880	14118	2	
881	14125	2	
882	14209	2	
883	14212	2	
884	14241	2	
885	14324	2	
886	14328	2	
887	14330	2	
888	14331	2	
889	14333	2	
890	14372	2	
891	14377	2	
892	14380	2	
893	14383	2	
894	14393	2	
895	14422	2	
896	14429	2	
897	14436	2	
898	14439	2	
899	14446	2	
900	14447	2	
901	14448	2	
902	14450	2	
903	14451	2	
904	14462	2	
905	14475	2	
906	14505	2	
907	14532	2	
908	14583	2	
909	14591	2	
910	14635	2	
911	14644	2	
912	14647	2	
913	14650	2	
914	14666	2	
915	14687	2	
916	14690	2	
917	14706	2	
918	15066	2	
919	15071	2	
920	15098	2	
921	15121	2	
922	15205	2	
923	15372	2	
924	15376	2	
925	15404	2	
926	15406	2	
927	15408	2	
928	15411	2	
929	15413	2	
930	15416	2	
931	15417	2	
932	15422	2	
933	15427	2	
934	15433	2	
935	15436	2	
936	15437	2	
937	15438	2	
938	15440	2	
939	15450	2	
940	15453	2	
941	15454	2	
942	15460	2	
943	15461	2	
944	15462	2	
945	15467	2	
946	15471	2	
947	15476	2	
948	15480	2	
949	15483	2	
950	15486	2	
951	15490	2	
952	15493	2	
953	15494	2	
954	15513	2	
955	15538	2	
956	15544	2	
957	15545	2	
958	15552	2	
959	15602	2	
960	15603	2	
961	15620	2	
962	15641	2	
963	15653	2	
964	15661	2	
965	15664	2	
966	15671	2	
967	15675	2	
968	15680	2	
969	15684	2	
970	15685	2	
971	15686	2	
972	15687	2	
973	15688	2	
974	15689	2	
975	15691	2	
976	15693	2	
977	15697	2	
978	15705	2	
979	15710	2	
980	15711	2	
981	15714	2	
982	15717	2	
983	15724	2	
984	15725	2	
985	15728	2	
986	15734	2	
987	15739	2	
988	15741	2	
989	15951	2	
990	15980	2	
991	16029	2	
992	16030	2	
993	16042	2	
994	16087	2	
995	16089	2	
996	16097	2	
997	16099	2	
998	16100	2	
999	16105	2	
1000	16107	2	
1001	16110	2	
1002	16124	2	
1003	16125	2	
1004	16126	2	
1005	16127	2	
1006	16129	2	
1007	16131	2	
1008	16132	2	
1009	16134	2	
1010	16135	2	
1011	16137	2	
1012	16139	2	
1013	16140	2	
1014	16141	2	
1015	16143	2	
1016	16144	2	
1017	16146	2	
1018	16152	2	
1019	16160	2	
1020	16163	2	
1021	16166	2	
1022	16170	2	
1023	16171	2	
1024	16184	2	
1025	16186	2	
1026	16197	2	
1027	16198	2	
1028	16206	2	
1029	16210	2	
1030	16220	2	
1031	16225	2	
1032	16245	2	
1033	16286	2	
1034	16292	2	
1035	16293	2	
1036	16304	2	
1037	16308	2	
1038	16318	2	
1039	16325	2	
1040	16328	2	
1041	16349	2	
1042	16351	2	
1043	16354	2	
1044	16355	2	
1045	16365	2	
1046	16368	2	
1047	16369	2	
1048	16370	2	
1049	16372	2	
1050	16373	2	
1051	16375	2	
1052	16376	2	
1053	16377	2	
1054	16379	2	
1055	16382	2	
1056	16383	2	
1057	16387	2	
1058	16388	2	
1059	16390	2	
1060	16397	2	
1061	16403	2	
1062	16405	2	
1063	16409	2	
1064	16410	2	
1065	16414	2	
1066	16415	2	
1067	16428	2	
1068	16438	2	
1069	16448	2	
1070	16458	2	
1071	16463	2	
1072	16465	2	
1073	16467	2	
1074	16469	2	
1075	16471	2	
1076	16475	2	
1077	16476	2	
1078	16477	2	
1079	16480	2	
1080	16481	2	
1081	16483	2	
1082	16484	2	
1083	16486	2	
1084	16487	2	
1085	16488	2	
1086	16505	2	
1087	16537	2	
1088	16539	2	
1089	16543	2	
1090	16558	2	
1091	16559	2	
1092	16563	2	
1093	16639	2	
1094	16642	2	
1095	16643	2	
1096	16673	2	
1097	16674	2	
1098	16690	2	
1099	16693	2	
1100	16707	2	
1101	16709	2	
1102	16710	2	
1103	16714	2	
1104	16717	2	
1105	16719	2	
1106	16721	2	
1107	16726	2	
1108	16731	2	
1109	16756	2	
1110	16762	2	
1111	17246	2	
1112	17409	2	
1113	17413	2	
1114	17467	2	
1115	17485	2	
1116	17495	2	
1117	17509	2	
1118	17511	2	
1119	17514	2	
1120	17517	2	
1121	17519	2	
1122	17520	2	
1123	17521	2	
1124	17522	2	
1125	17536	2	
1126	17569	2	
1127	17573	2	
1128	17597	2	
1129	17628	2	
1130	17676	2	
1131	17685	2	
1132	17711	2	
1133	17744	2	
1134	17748	2	
1135	17756	2	
1136	17757	2	
1137	17759	2	
1138	17762	2	
1139	17763	2	
1140	17764	2	
1141	17777	2	
1142	17796	2	
1143	17874	2	
1144	17875	2	
1145	17897	2	
1146	17948	2	
1147	17964	2	
1148	18095	2	
1149	18112	2	
1150	18114	2	
1151	18120	2	
1152	18136	2	
1153	18225	2	
1154	18531	2	
1155	18576	2	
1156	18578	2	
1157	18583	2	
1158	18662	2	
1159	18675	2	
1160	18839	2	
1161	18850	2	
1162	18861	2	
1163	18911	2	
1164	18944	2	
1165	18946	2	
1166	18947	2	
1167	18951	2	
1168	18965	2	
1169	18972	2	
1170	18998	2	
1171	19023	2	
1172	19033	2	
1173	19101	2	
1174	19114	2	
1175	19117	2	
1176	19124	2	
1177	19149	2	
1178	19160	2	
1179	19170	2	
1180	19185	2	
1181	19188	2	
1182	19201	2	
1183	19309	2	
1184	19358	2	
1185	19387	2	
1186	19391	2	
1187	19415	2	
1188	19509	2	
1189	19529	2	
1190	19547	2	
1191	19558	2	
1192	19563	2	
1193	19669	2	
1194	19708	2	
1195	19749	2	
1196	19764	2	
1197	19777	2	
1198	19833	2	
1199	19888	2	
1200	19890	2	
1201	19892	2	
1202	19988	2	
1203	20067	2	
1204	20071	2	
1205	20125	2	
1206	20131	2	
1207	20203	2	
1208	20257	2	
1209	20310	2	
1210	20346	2	
1211	20378	2	
1212	20382	2	
1213	20397	2	
1214	20401	2	
1215	20421	2	
1216	20422	2	
1217	20472	2	
1218	20476	2	
1219	20496	2	
1220	20499	2	
1221	20503	2	
1222	20509	2	
1223	20587	2	
1224	20619	2	
1225	20623	2	
1226	20627	2	
1227	20643	2	
1228	20654	2	
1229	20717	2	
1230	20722	2	
1231	20736	2	
1232	20741	2	
1233	20743	2	
1234	20747	2	
1235	20752	2	
1236	20787	2	
1237	20789	2	
1238	20804	2	
1239	20809	2	
1240	20819	2	
1241	20822	2	
1242	20827	2	
1243	20829	2	
1244	20830	2	
1245	20831	2	
1246	20832	2	
1247	20834	2	
1248	20837	2	
1249	20839	2	
1250	20841	2	
1251	20848	2	
1252	20852	2	
1253	20858	2	
1254	20862	2	
1255	20864	2	
1256	20868	2	
1257	20874	2	
1258	20920	2	
1259	20923	2	
1260	20924	2	
1261	20929	2	
1262	20936	2	
1263	20938	2	
1264	20940	2	
1265	20943	2	
1266	20952	2	
1267	20954	2	
1268	20956	2	
1269	20958	2	
1270	20959	2	
1271	20960	2	
1272	20961	2	
1273	20962	2	
1274	20964	2	
1275	20966	2	
1276	20975	2	
1277	20977	2	
1278	20978	2	
1279	20985	2	
1280	20986	2	
1281	20987	2	
1282	20989	2	
1283	20998	2	
1284	21003	2	
1285	21009	2	
1286	21024	2	
1287	21027	2	
1288	21029	2	
1289	21042	2	
1290	21046	2	
1291	21049	2	
1292	21051	2	
1293	21070	2	
1294	21072	2	
1295	21236	2	
1296	21291	2	
1297	21354	2	
1298	21449	2	
1299	21536	2	
1300	21541	2	
1301	21550	2	
1302	21555	2	
1303	21607	2	
1304	21702	2	
1305	21724	2	
1306	21735	2	
1307	21854	2	
1308	21860	2	
1309	21875	2	
1310	21908	2	
1311	21924	2	
1312	21927	2	
1313	21928	2	
1314	21938	2	
1315	22040	2	
1316	22054	2	
1317	22091	2	
1318	22106	2	
1319	22145	2	
1320	22160	2	
1321	22161	2	
1322	22182	2	
1323	22194	2	
1324	22246	2	
1325	22408	2	
1326	22476	2	
1327	22480	2	
1328	22567	2	
1329	22581	2	
1330	22594	2	
1331	22598	2	
1332	22610	2	
1333	22611	2	
1334	22613	2	
1335	22618	2	
1336	22622	2	
1337	22634	2	
1338	22668	2	
1339	22680	2	
1340	22684	2	
1341	22687	2	
1342	22688	2	
1343	22690	2	
1344	22699	2	
1345	22727	2	
1346	22735	2	
1347	22744	2	
1348	22768	2	
1349	22773	2	
1350	22780	2	
1351	22782	2	
1352	22810	2	
1353	22813	2	
1354	22820	2	
1355	22822	2	
1356	22829	2	
1357	22838	2	
1358	22840	2	
1359	22878	2	
1360	22888	2	
1361	22892	2	
1362	22894	2	
1363	22897	2	
1364	22899	2	
1365	22900	2	
1366	22902	2	
1367	22908	2	
1368	22919	2	
1369	22936	2	
1370	22942	2	
1371	23063	2	
1372	23064	2	
1373	23082	2	
1374	23111	2	
1375	23178	2	
1376	23196	2	
1377	23308	2	
1378	23339	2	
1379	23357	2	
1380	23364	2	
1381	23385	2	
1382	23438	2	
1383	23442	2	
1384	23444	2	
1385	23445	2	
1386	23454	2	
1387	23458	2	
1388	23482	2	
1389	23489	2	
1390	23490	2	
1391	23527	2	
1392	23530	2	
1393	23562	2	
1394	23571	2	
1395	23662	2	
1396	23710	2	
1397	23719	2	
1398	23744	2	
1399	23746	2	
1400	23748	2	
1401	23810	2	
1402	23817	2	
1403	23824	2	
1404	23828	2	
1405	23838	2	
1406	23861	2	
1407	23867	2	
1408	23869	2	
1409	23904	2	
1410	23942	2	
1411	23964	2	
1412	24020	2	
1413	24029	2	
1414	24033	2	
1415	24045	2	
1416	24054	2	
1417	24072	2	
1418	24221	2	
1419	24458	2	
1420	24476	2	
1421	24477	2	
1422	24492	2	
1423	24507	2	
1424	24559	2	
1425	24578	2	
1426	24599	2	
1427	24613	2	
1428	24623	2	
1429	24630	2	
1430	24689	2	
1431	24698	2	
1432	24701	2	
1433	24706	2	
1434	24714	2	
1435	24733	2	
1436	24875	2	
1437	24880	2	
1438	24898	2	
1439	24963	2	
1440	24997	2	
1441	25003	2	
1442	25007	2	
1443	25008	2	
1444	25059	2	
1445	25081	2	
1446	25082	2	
1447	25083	2	
1448	25085	2	
1449	25103	2	
1450	25205	2	
1451	25206	2	
1452	25237	2	
1453	25242	2	
1454	25252	2	
1455	25259	2	
1456	25262	2	
1457	25271	2	
1458	25277	2	
1459	25279	2	
1460	25317	2	
1461	25356	2	
1462	25360	2	
1463	25364	2	
1464	25371	2	
1465	25373	2	
1466	25375	2	
1467	25377	2	
1468	25381	2	
1469	25383	2	
1470	25385	2	
1471	25387	2	
1472	25393	2	
1473	25395	2	
1474	25397	2	
1475	25405	2	
1476	25408	2	
1477	25426	2	
1478	25429	2	
1479	25437	2	
1480	25439	2	
1481	25442	2	
1482	25447	2	
1483	25451	2	
1484	25452	2	
1485	25458	2	
1486	25460	2	
1487	25461	2	
1488	25462	2	
1489	25469	2	
1490	25473	2	
1491	25498	2	
1492	25557	2	
1493	25559	2	
1494	25568	2	
1495	25569	2	
1496	25572	2	
1497	25582	2	
1498	25586	2	
1499	25597	2	
1500	25644	2	
1501	25649	2	
1502	25659	2	
1503	25712	2	
1504	25738	2	
1505	25751	2	
1506	25759	2	
1507	25764	2	
1508	25768	2	
1509	25770	2	
1510	25774	2	
1511	25780	2	
1512	25785	2	
1513	25787	2	
1514	25796	2	
1515	25812	2	
1516	25816	2	
1517	25828	2	
1518	25834	2	
1519	25840	2	
1520	25841	2	
1521	25854	2	
1522	25963	2	
1523	26038	2	
1524	26042	2	
1525	26136	2	
1526	26159	2	
1527	26175	2	
1528	26179	2	
1529	26186	2	
1530	26201	2	
1531	26207	2	
1532	26212	2	
1533	26229	2	
1534	26486	2	
1535	26524	2	
1536	26528	2	
1537	26555	2	
1538	26556	2	
1539	26566	2	
1540	26568	2	
1541	26570	2	
1542	26577	2	
1543	26592	2	
1544	26603	2	
1545	26784	2	
1546	26794	2	
1547	26803	2	
1548	26814	2	
1549	26820	2	
1550	26822	2	
1551	26823	2	
1552	26925	2	
1553	26929	2	
1554	26936	2	
1555	26938	2	
1556	26940	2	
1557	26942	2	
1558	26944	2	
1559	26946	2	
1560	26948	2	
1561	26950	2	
1562	26952	2	
1563	26953	2	
1564	26954	2	
1565	26956	2	
1566	26958	2	
1567	26960	2	
1568	26963	2	
1569	26965	2	
1570	26967	2	
1571	26968	2	
1572	26971	2	
1573	26979	2	
1574	26982	2	
1575	26984	2	
1576	26985	2	
1577	26986	2	
1578	26988	2	
1579	26990	2	
1580	26991	2	
1581	26993	2	
1582	26995	2	
1583	27000	2	
1584	27001	2	
1585	27005	2	
1586	27006	2	
1587	27008	2	
1588	27015	2	
1589	27023	2	
1590	27025	2	
1591	27027	2	
1592	27078	2	
1593	27086	2	
1594	27149	2	
1595	27345	2	
1596	27347	2	
1597	27349	2	
1598	27351	2	
1599	27356	2	
1600	27359	2	
1601	27361	2	
1602	27362	2	
1603	27365	2	
1604	27378	2	
1605	27381	2	
1606	27383	2	
1607	27546	2	
1608	27567	2	
1609	27727	2	
1610	27729	2	
1611	27733	2	
1612	27735	2	
1613	27737	2	
1614	27739	2	
1615	27746	2	
1616	27747	2	
1617	27748	2	
1618	27750	2	
1619	27752	2	
1620	27753	2	
1621	27756	2	
1622	27757	2	
1623	27759	2	
1624	27770	2	
1625	27772	2	
1626	27773	2	
1627	27775	2	
1628	27780	2	
1629	27819	2	
1630	27958	2	
1631	28135	2	
1632	28142	2	
1633	28146	2	
1634	28147	2	
1635	28150	2	
1636	28152	2	
1637	28522	2	
1638	28526	2	
1639	28528	2	
1640	28531	2	
1641	28533	2	
1642	28535	2	
1643	28538	2	
1644	28540	2	
1645	28542	2	
1646	28543	2	
1647	28544	2	
1648	28545	2	
1649	28546	2	
1650	28547	2	
1651	28548	2	
1652	28553	2	
1653	28555	2	
1654	28558	2	
1655	28563	2	
1656	28578	2	
1657	28928	2	
1658	28930	2	
1659	28935	2	
1660	28937	2	
1661	28939	2	
1662	28941	2	
1663	28942	2	
1664	28944	4	
1665	28945	4	
1666	28947	2	
1667	28948	2	
1668	28951	2	
1669	28952	2	
1670	28953	2	
1671	28956	2	
1672	28957	2	
1673	28958	2	
1674	28973	2	
1675	29314	2	
1676	29328	2	
1677	29330	2	
1678	29336	2	
1679	29338	2	
1680	29341	2	
1681	29342	2	
1682	29343	2	
1683	29344	2	
1684	29345	2	
1685	29347	2	
1686	29348	2	
1687	29349	4	
1688	29350	3	
1689	29351	9	
1690	29352	8	
1691	29353	8	
1692	29354	4	
1693	29355	3	
1694	29356	3	
1695	29357	4	
1696	29358	2	
1697	29359	3	
1698	29360	2	
1699	29361	2	
1700	29362	2	
1701	29363	2	
1702	29364	2	
1703	29365	2	
1704	29366	2	
1705	29368	2	
1706	29370	2	
1707	29371	2	
1708	29372	2	
1709	29383	2	
1710	29385	2	
1711	29387	2	
1712	29389	2	
1713	29391	2	
1714	29393	2	
1715	29397	2	
1716	29407	2	
1717	29430	2	
1718	29500	2	
1719	29549	2	
1720	29554	2	
1721	29563	2	
1722	29730	2	
1723	29753	2	
1724	29757	2	
1725	29759	2	
1726	29760	2	
1727	29761	2	
1728	29762	2	
1729	29763	2	
1730	29764	2	
1731	29766	2	
1732	29767	2	
1733	29768	2	
1734	29769	2	
1735	29770	2	
1736	29771	2	
1737	29772	3	
1738	29773	2	
1739	29774	3	
1740	29775	3	
1741	29776	6	
1742	29777	5	
1743	29778	9	
1744	29779	10	
1745	29780	8	
1746	29781	8	
1747	29782	8	
1748	29783	7	
1749	29784	6	
1750	29785	6	
1751	29786	4	
1752	29787	3	
1753	29788	3	
1754	29789	3	
1755	29790	3	
1756	29791	4	
1757	29792	3	
1758	29793	3	
1759	29794	4	
1760	29795	2	
1761	29796	2	
1762	29797	2	
1763	29798	2	
1764	29799	2	
1765	29800	2	
1766	29801	2	
1767	29802	2	
1768	29803	2	
1769	29805	2	
1770	29808	2	
1771	29809	2	
1772	29810	2	
1773	29811	2	
1774	29828	2	
1775	29835	2	
