The following directions could not be covered
252,
723,
726,
727,
746,
753,
754,
809,
834,
1093,
1096,
1130,
1131,
1132,
1134,
1175,
1297,
1298,
1304,
1305,
1400,
1488,
1491,
1523,
1548,
1655,
1678,
1851,
1854,
1856,
1884,
1913,
1914,
1935,
1944,
1949,
2045,
2046,
2153,
2154,
2157,
2158,
2172,
2173,
2189,
2240,
2245,
2265,
2287,
2317,
2342,
2434,
2517,
2518,
2526,
2527,
2551,
2552,
2590,
2625,
2626,
2636,
2657,
2661,
2671,
2675,
2860,
2870,
2878,
2879,
2915,
2938,
2942,
2944,
2988,
2989,
3043,
3052,
3053,
3060,
3106,
3107,
3108,
3110,
3113,
3115,
3154,
3236,
3237,
3240,
3354,
3355,
3432,
3433,
3465,
3469,
3470,
3471,
3472,
3473,
3475,
3478,
3479,
3481,
3482,
3515,
3516,
3562,
3563,
3564,
3565,
3568,
3577,
3578,
3610,
3612,
3613,
3614,
3618,
3620,
3621,
3622,
3623,
3624,
3625,
3626,
3627,
3628,
3629,
3630,
3631,
3632,
3633,
3634,
3635,
3636,
3637,
3643,
3645,
3647,
3648,
3649,
3651,
3662,
3683,
3684,
3685,
3691,
3692,
3695,
3758,
3759,
3760,
3761,
3762,
3844,
3859,
3860,
3861,
3862,
3863,
3864,
3865,
3866,
3867,
3868,
3869,
3870,
3871,
3872,
3873,
3874,
3875,
3876,
3877,
3883,
3884,
3885,
3886,
3887,
3888,
3895,
3907,
3909,
3910,
3915,
3916,
3917,
3918,
3919,
3943,
3944,
3945,
3976,
3977,
3978,
3979,
3980,
3981,
3982,
3993,
3994,
