number	direction_ind	# of covercap	
0	6	2	
1	22	2	
2	23	2	
3	36	2	
4	69	2	
5	88	2	
6	92	2	
7	164	2	
8	187	2	
9	190	2	
10	204	2	
11	205	2	
12	206	2	
13	241	2	
14	244	2	
15	259	2	
16	261	2	
17	266	2	
18	359	2	
19	371	2	
20	377	2	
21	405	2	
22	408	2	
23	411	2	
24	469	2	
25	477	2	
26	550	2	
27	576	2	
28	598	2	
29	608	2	
30	647	2	
31	652	2	
32	679	2	
33	687	2	
34	707	2	
35	712	2	
36	714	2	
37	723	2	
38	724	2	
39	726	2	
40	730	2	
41	741	2	
42	748	2	
43	763	2	
44	767	2	
45	771	2	
46	775	2	
47	779	2	
48	781	2	
49	785	2	
50	873	2	
51	875	2	
52	876	2	
53	877	2	
54	878	2	
55	882	2	
56	914	2	
57	929	2	
58	963	2	
59	964	2	
60	965	2	
61	968	2	
62	970	2	
63	1055	2	
64	1059	2	
65	1070	2	
66	1157	2	
67	1162	2	
68	1165	2	
69	1172	2	
70	1174	2	
71	1203	2	
72	1207	2	
73	1210	2	
74	1226	2	
75	1227	2	
76	1255	2	
77	1259	2	
78	1269	2	
79	1281	2	
80	1298	2	
81	1303	2	
82	1311	2	
83	1327	2	
84	1338	2	
85	1344	2	
86	1418	2	
87	1522	2	
88	1550	2	
89	1558	2	
90	1559	2	
91	1562	2	
92	1599	2	
93	1683	2	
94	1699	2	
95	1716	2	
96	1805	2	
97	1825	2	
98	1829	2	
99	1830	2	
100	1838	2	
101	1856	2	
102	1858	2	
103	1861	2	
104	1963	2	
105	1965	2	
106	1967	2	
107	1999	2	
108	2001	2	
109	2006	2	
110	2101	2	
111	2103	2	
112	2105	2	
113	2149	2	
114	2151	2	
115	2152	2	
116	2250	2	
117	2399	2	
118	2460	2	
119	2549	2	
120	2556	2	
121	2620	2	
122	2621	2	
123	2622	2	
124	2707	2	
125	2708	2	
126	2778	2	
127	2821	2	
128	2834	2	
129	2848	2	
130	2858	2	
131	2863	2	
132	2887	2	
133	2900	2	
134	2907	2	
135	2908	2	
136	2909	2	
137	2932	2	
138	2937	2	
139	2938	2	
140	2947	2	
141	2948	2	
142	2959	2	
143	3018	2	
144	3176	2	
145	3181	2	
146	3182	2	
147	3183	2	
148	3184	2	
149	3186	2	
150	3235	2	
151	3249	2	
152	3263	2	
153	3265	2	
154	3266	2	
155	3267	2	
156	3268	2	
157	3269	2	
158	3271	2	
159	3272	2	
160	3273	2	
161	3274	2	
162	3278	2	
163	3281	2	
164	3334	2	
165	3339	2	
166	3340	2	
167	3342	2	
168	3343	2	
169	3426	2	
170	3430	2	
171	3435	2	
172	3504	2	
173	3505	2	
174	3597	2	
175	3598	2	
176	3602	2	
177	3619	2	
178	3674	2	
179	3776	2	
180	3811	2	
181	3845	2	
182	3846	2	
183	3848	2	
184	4013	2	
185	4014	2	
186	4122	2	
187	4123	2	
188	4162	2	
189	4183	2	
190	4186	2	
191	4190	2	
192	4191	2	
193	4192	2	
194	4205	2	
195	4216	2	
196	4226	2	
197	4244	3	
198	4250	2	
199	4267	2	
200	4268	2	
201	4289	2	
202	4298	2	
203	4303	2	
204	4304	2	
205	4311	2	
206	4317	2	
207	4320	2	
208	4333	2	
209	4396	2	
210	4431	2	
211	4554	2	
212	4578	2	
213	4666	2	
214	4669	2	
215	4699	2	
216	4802	2	
217	4920	2	
218	4927	2	
219	4947	2	
220	4965	2	
221	5001	2	
222	5055	2	
223	5071	2	
224	5109	2	
225	5113	2	
226	5150	2	
227	5153	2	
228	5191	2	
229	5231	2	
230	5240	2	
231	5257	2	
232	5270	2	
233	5272	2	
234	5282	2	
235	5284	2	
236	5286	2	
237	5295	2	
238	5296	2	
239	5300	2	
240	5337	2	
241	5340	2	
242	5354	2	
243	5377	2	
244	5378	2	
245	5414	2	
246	5417	2	
247	5421	2	
248	5435	2	
249	5444	2	
250	5456	2	
251	5457	2	
252	5466	2	
253	5467	2	
254	5469	2	
255	5475	2	
256	5477	2	
257	5479	2	
258	5481	2	
259	5483	2	
260	5484	2	
261	5485	2	
262	5491	2	
263	5494	2	
264	5523	2	
265	5524	2	
266	5527	2	
267	5531	2	
268	5538	2	
269	5571	2	
270	5573	2	
271	5581	2	
272	5611	2	
273	5612	2	
274	5623	2	
275	5626	2	
276	5630	2	
277	5631	2	
278	5639	2	
279	5649	2	
280	5675	2	
281	5689	2	
282	5703	2	
283	5718	2	
284	5761	2	
285	5772	2	
286	5774	2	
287	5789	2	
288	5799	2	
289	5812	2	
290	5847	2	
291	6011	2	
292	6039	2	
293	6040	2	
294	6058	2	
295	6067	2	
296	6082	2	
297	6108	2	
298	6113	2	
299	6146	2	
300	6163	2	
301	6198	2	
302	6204	2	
303	6217	2	
304	6223	2	
305	6235	2	
306	6248	2	
307	6269	2	
308	6286	2	
309	6293	2	
310	6300	2	
311	6301	2	
312	6303	2	
313	6349	2	
314	6356	2	
315	6382	2	
316	6392	2	
317	6416	2	
318	6434	2	
319	6437	2	
320	6480	2	
321	6498	2	
322	6501	2	
323	6574	2	
324	6586	2	
325	6634	2	
326	6647	2	
327	6659	2	
328	6683	2	
329	6698	2	
330	6704	2	
331	6708	2	
332	6749	2	
333	6763	2	
334	6768	2	
335	6784	2	
336	6808	2	
337	6837	2	
338	6839	2	
339	6858	2	
340	6889	2	
341	6902	2	
342	6947	2	
343	6981	2	
344	7099	2	
345	7121	2	
346	7127	2	
347	7129	2	
348	7146	2	
349	7149	2	
350	7154	2	
351	7157	2	
352	7223	2	
353	7328	2	
354	7364	2	
355	7367	2	
356	7369	2	
357	7389	2	
358	7401	2	
359	7440	2	
360	7443	2	
361	7480	2	
362	7513	2	
363	7538	2	
364	7541	2	
365	7585	2	
366	7644	2	
367	7659	2	
368	7680	2	
369	7710	2	
370	7748	2	
371	7750	2	
372	7753	2	
373	7758	2	
374	7763	2	
375	7765	2	
376	7794	2	
377	7800	2	
378	7803	2	
379	7805	2	
380	7818	2	
381	7832	2	
382	7837	2	
383	7863	2	
384	7869	2	
385	7879	2	
386	7884	2	
387	7901	2	
388	7906	2	
389	7923	2	
390	7933	2	
391	7939	2	
392	7940	2	
393	7942	2	
394	7944	2	
395	7945	2	
396	7949	2	
397	7953	2	
398	7955	2	
399	7956	2	
400	7958	2	
401	7960	2	
402	7961	2	
403	7965	2	
404	7967	2	
405	7973	2	
406	7988	2	
407	7994	2	
408	7995	2	
409	8005	2	
410	8006	2	
411	8008	2	
412	8013	2	
413	8020	2	
414	8022	2	
415	8027	2	
416	8029	2	
417	8039	2	
418	8056	2	
419	8060	2	
420	8061	2	
421	8064	2	
422	8069	2	
423	8071	2	
424	8077	2	
425	8085	2	
426	8092	2	
427	8107	2	
428	8110	2	
429	8155	2	
430	8158	2	
431	8160	2	
432	8163	2	
433	8170	2	
434	8222	2	
435	8227	2	
436	8228	2	
437	8235	2	
438	8237	2	
439	8271	2	
440	8301	2	
441	8302	2	
442	8340	2	
443	8380	2	
444	8400	2	
445	8422	2	
446	8451	2	
447	8456	2	
448	8482	2	
449	8485	2	
450	8509	2	
451	8512	2	
452	8529	2	
453	8531	2	
454	8542	2	
455	8575	2	
456	8608	2	
457	8611	2	
458	8612	2	
459	8616	2	
460	8617	2	
461	8618	2	
462	8634	2	
463	8667	2	
464	8701	2	
465	8730	2	
466	8783	2	
467	8786	2	
468	8817	2	
469	8821	2	
470	8825	2	
471	8828	2	
472	8830	2	
473	8838	2	
474	8841	2	
475	8843	2	
476	8848	2	
477	8881	2	
478	8923	2	
479	8966	2	
480	9029	2	
481	9036	2	
482	9040	2	
483	9041	2	
484	9043	2	
485	9044	2	
486	9045	2	
487	9046	2	
488	9047	2	
489	9053	2	
490	9057	2	
491	9265	2	
492	9267	2	
493	9269	2	
494	9271	2	
495	9274	2	
496	9275	2	
497	9362	2	
498	9487	2	
499	9488	2	
500	9490	3	
501	9491	6	
502	9492	3	
503	9493	6	
504	9494	6	
505	9497	2	
506	9501	2	
507	9511	2	
508	9546	2	
509	9717	2	
510	9718	2	
511	9720	2	
512	9722	2	
513	9723	2	
514	9724	3	
515	9725	4	
516	9726	7	
517	9727	9	
518	9728	8	
519	9729	7	
520	9730	6	
521	9731	6	
522	9732	6	
523	9733	5	
524	9734	5	
525	9735	6	
526	9736	3	
527	9737	2	
528	9738	3	
529	9740	2	
530	9745	2	
531	9746	2	
532	9747	2	
533	9755	2	
