number	direction_ind	# of covercap	
0	12	4	
1	13	4	
2	14	4	
3	15	4	
4	16	4	
5	19	4	
6	36	2	
7	58	2	
8	61	2	
9	67	2	
10	202	2	
11	212	2	
12	247	2	
13	263	2	
14	264	2	
15	385	2	
16	430	2	
17	483	2	
18	646	2	
19	663	2	
20	673	2	
21	696	2	
22	698	2	
23	728	2	
24	733	2	
25	744	2	
26	793	2	
27	796	2	
28	809	2	
29	827	2	
30	849	2	
31	855	2	
32	874	2	
33	893	2	
34	909	2	
35	910	2	
36	919	2	
37	960	2	
38	965	2	
39	1006	2	
40	1090	2	
41	1097	2	
42	1124	2	
43	1131	2	
44	1133	2	
45	1145	2	
46	1280	2	
47	1281	2	
48	1301	2	
49	1328	2	
50	1346	2	
51	1352	2	
52	1365	2	
53	1366	2	
54	1383	2	
55	1625	2	
56	1644	2	
57	1652	2	
58	1679	2	
59	1688	2	
60	1694	2	
61	1715	2	
62	1740	2	
63	1844	2	
64	1867	2	
65	1883	2	
66	1904	2	
67	1923	2	
68	1938	2	
69	1940	2	
70	1946	2	
71	1975	2	
72	1977	2	
73	1985	2	
74	1991	2	
75	2025	2	
76	2036	2	
77	2131	2	
78	2154	2	
79	2191	2	
80	2202	2	
81	2203	2	
82	2204	2	
83	2209	2	
84	2211	2	
85	2218	2	
86	2311	2	
87	2312	2	
88	2315	2	
89	2316	2	
90	2342	2	
91	2367	2	
92	2370	2	
93	2372	2	
94	2374	2	
95	2376	2	
96	2377	2	
97	2379	2	
98	2383	2	
99	2385	2	
100	2387	2	
101	2388	2	
102	2391	2	
103	2395	2	
104	2413	2	
105	2425	2	
106	2427	2	
107	2438	2	
108	2440	2	
109	2442	2	
110	2444	2	
111	2446	2	
112	2449	2	
113	2453	2	
114	2472	2	
115	2498	2	
116	2503	2	
117	2526	2	
118	2528	2	
119	2530	2	
120	2531	2	
121	2535	2	
122	2553	2	
123	2562	2	
124	2707	2	
125	2710	2	
126	2720	2	
127	2877	2	
128	2882	2	
129	2885	2	
130	2895	2	
131	2897	2	
132	2902	2	
133	2918	2	
134	2929	2	
135	3020	2	
136	3041	2	
137	3049	2	
138	3084	2	
139	3254	2	
140	3326	2	
141	3403	2	
142	3405	2	
143	3408	2	
144	3409	2	
145	3410	2	
146	3413	2	
147	3415	2	
148	3418	2	
149	3420	2	
150	3425	2	
151	3437	2	
152	3473	2	
153	3495	2	
154	3516	2	
155	3549	2	
156	3586	2	
157	3587	2	
158	3588	2	
159	3593	2	
160	3596	2	
161	3597	2	
162	3754	2	
163	3765	2	
164	3766	2	
165	3770	2	
166	3771	2	
167	3772	2	
168	3773	2	
169	3774	2	
170	3796	2	
171	3806	2	
172	3809	2	
173	3816	2	
174	3820	2	
175	3822	2	
176	3824	2	
177	3825	2	
178	3837	2	
179	3839	2	
180	3851	2	
181	3852	2	
182	3854	2	
183	3858	2	
184	3859	2	
185	3860	2	
186	3882	2	
187	3883	2	
188	3884	2	
189	3886	2	
190	3891	2	
191	3892	2	
192	3893	2	
193	3894	2	
194	3902	2	
195	3903	2	
196	3908	2	
197	3931	2	
198	3933	2	
199	3934	2	
200	3935	2	
201	3936	2	
202	3937	2	
203	3938	2	
204	3939	2	
205	3940	2	
206	3951	2	
207	3952	2	
208	3958	2	
209	4034	2	
210	4091	2	
211	4093	2	
212	4104	2	
213	4106	2	
214	4110	2	
215	4126	2	
216	4127	2	
217	4128	2	
218	4129	2	
219	4142	2	
220	4145	2	
221	4147	2	
222	4151	2	
223	4201	2	
224	4221	2	
225	4249	2	
226	4256	2	
227	4259	2	
228	4326	2	
229	4327	2	
230	4328	2	
231	4343	2	
232	4358	2	
233	4551	2	
234	4552	2	
235	4570	2	
236	4648	2	
237	4649	2	
238	4653	2	
239	4657	2	
240	4659	2	
241	4745	2	
242	4767	2	
243	4785	2	
244	4786	2	
245	4797	2	
246	4801	2	
247	4807	2	
248	4809	2	
249	4848	2	
250	4849	2	
251	4860	2	
252	4861	2	
253	4868	2	
254	4869	2	
255	4870	2	
256	4877	2	
257	4880	2	
258	4882	2	
259	4887	2	
260	4890	2	
261	4891	2	
262	4902	2	
263	4904	2	
264	4941	2	
265	4949	2	
266	4962	2	
267	4980	2	
268	5007	2	
269	5036	2	
270	5069	2	
271	5104	2	
272	5208	2	
273	5231	2	
274	5268	2	
275	5301	2	
276	5341	2	
277	5372	2	
278	5404	2	
279	5405	2	
280	5766	2	
281	5772	2	
282	5781	2	
283	5979	2	
284	5995	2	
285	6011	2	
286	6015	2	
287	6236	2	
288	6254	2	
289	6274	2	
290	6502	2	
291	6507	2	
292	6508	2	
293	6511	2	
294	6523	2	
295	6737	2	
296	6738	2	
297	6746	2	
298	6747	2	
299	6749	2	
300	6750	2	
301	6752	2	
302	6753	2	
303	6754	2	
304	6755	2	
305	6756	2	
306	6757	2	
307	6758	2	
308	6759	2	
309	6788	2	
310	6789	2	
311	6790	2	
312	6791	2	
313	6792	2	
314	6793	2	
315	6794	2	
316	6797	2	
317	6798	2	
318	6807	2	
319	7001	2	
320	7003	2	
321	7004	2	
322	7006	2	
323	7058	2	
324	7060	2	
325	7063	2	
326	7066	2	
327	7069	2	
328	7215	2	
329	7243	2	
330	7245	2	
331	7248	2	
332	7249	2	
333	7250	2	
334	7251	2	
335	7252	2	
336	7253	2	
337	7306	2	
338	7316	2	
339	7318	2	
340	7319	2	
341	7320	2	
342	7321	2	
343	7322	2	
344	7326	2	
345	7362	2	
346	7495	2	
347	7497	2	
348	7498	2	
349	7499	2	
350	7575	2	
351	7576	2	
352	7578	2	
353	7664	2	
354	7722	2	
355	7734	2	
356	7735	2	
357	7738	2	
358	7739	2	
359	7742	2	
360	7743	2	
361	7744	2	
362	7745	2	
363	7746	2	
364	7747	2	
365	7748	2	
366	7749	2	
367	7751	2	
368	7760	2	
369	7828	2	
370	7831	2	
371	7832	2	
372	7833	2	
373	7834	2	
374	7835	2	
375	7836	2	
376	7837	2	
377	7838	2	
378	7844	2	
379	7845	2	
380	7849	2	
381	7856	2	
382	7860	2	
383	7867	2	
384	7875	2	
385	7995	2	
386	7997	2	
387	7998	2	
388	7999	2	
389	8094	2	
390	8095	2	
391	8096	2	
392	8097	2	
393	8099	2	
394	8359	2	
395	8499	2	
396	8503	2	
397	8509	2	
398	8511	2	
399	8513	2	
400	8514	2	
401	8515	2	
402	8516	2	
403	8623	2	
404	8624	2	
405	8625	2	
406	8626	2	
407	8627	2	
408	8628	2	
409	8629	2	
410	8703	2	
411	8750	2	
412	8757	2	
413	8770	2	
414	8773	2	
415	8774	2	
416	8775	2	
417	8776	2	
418	8777	2	
419	8778	2	
420	8780	2	
421	8784	2	
422	8887	2	
423	8890	2	
424	8892	2	
425	8894	2	
426	8895	2	
427	8896	2	
428	8897	2	
429	8898	2	
430	8905	2	
431	8916	2	
432	8920	2	
433	8929	2	
434	8946	2	
435	9024	2	
436	9032	2	
437	9036	2	
438	9039	2	
439	9040	2	
440	9041	2	
441	9042	2	
442	9043	2	
443	9044	2	
444	9046	2	
445	9052	2	
446	9159	2	
447	9161	2	
448	9162	2	
449	9163	2	
450	9164	2	
451	9165	2	
452	9166	2	
453	9167	2	
454	9168	2	
455	9171	2	
456	9186	2	
457	9187	2	
458	9305	2	
459	9306	2	
460	9307	2	
461	9308	2	
462	9310	2	
463	9437	2	
464	9438	2	
465	9439	2	
466	9441	2	
467	9442	2	
468	9575	2	
469	9581	2	
470	9584	2	
471	9720	2	
472	9722	2	
473	9857	2	
474	9863	2	
475	9866	2	
476	10006	2	
477	10009	2	
478	10011	2	
479	10017	2	
480	10146	2	
481	10152	2	
482	10155	2	
483	10157	2	
484	10299	2	
485	10303	2	
486	10304	2	
487	10306	2	
488	10307	2	
489	10310	2	
490	10322	2	
491	10405	2	
492	10432	2	
493	10440	2	
494	10441	2	
495	10444	2	
496	10446	2	
497	10447	2	
498	10448	2	
499	10449	2	
500	10450	2	
501	10451	2	
502	10452	2	
503	10488	2	
504	10565	2	
505	10601	2	
506	10602	2	
507	10604	2	
508	10605	2	
509	10606	2	
510	10607	2	
511	10608	2	
512	10612	2	
513	10615	2	
514	10618	2	
515	10621	2	
516	10669	2	
517	10729	2	
518	10749	2	
519	10905	2	
520	11031	2	
521	11041	2	
522	11044	2	
523	11045	2	
524	11047	2	
525	11049	2	
526	11050	2	
527	11051	2	
528	11076	2	
529	11086	2	
530	11211	2	
531	11212	2	
532	11214	2	
533	11215	2	
534	11217	2	
535	11221	2	
536	11226	2	
537	11300	2	
538	11342	2	
539	11346	2	
540	11347	2	
541	11348	2	
542	11349	2	
543	11350	2	
544	11351	2	
545	11352	2	
546	11353	2	
547	11354	2	
548	11355	2	
549	11357	2	
550	11370	2	
551	11393	2	
552	11428	2	
553	11475	2	
554	11501	2	
555	11515	2	
556	11518	2	
557	11519	2	
558	11520	2	
559	11521	2	
560	11522	2	
561	11523	2	
562	11524	2	
563	11525	2	
564	11531	2	
565	11566	2	
566	11574	2	
567	11587	2	
568	11655	2	
569	11657	2	
570	11660	2	
571	11829	2	
572	11831	2	
573	11835	2	
574	12143	2	
575	12268	2	
576	12269	2	
577	12270	2	
578	12273	2	
579	12275	2	
580	12449	2	
581	12572	2	
582	12573	2	
583	12577	2	
584	12749	2	
585	12752	2	
586	12753	2	
587	12756	2	
588	12874	2	
589	13062	2	
590	13124	2	
591	13140	2	
592	13178	2	
593	13179	2	
594	13180	2	
595	13181	2	
596	13182	2	
597	13183	2	
598	13184	2	
599	13188	2	
600	13367	2	
601	13369	2	
602	13370	2	
603	13371	2	
604	13372	2	
605	13373	2	
606	13378	2	
607	13394	2	
608	13395	2	
609	13412	2	
610	13433	2	
611	13442	2	
612	13467	2	
613	13468	2	
614	13485	2	
615	13486	2	
616	13487	2	
617	13488	2	
618	13489	2	
619	13503	2	
620	13525	2	
621	13559	2	
622	13627	2	
623	13658	2	
624	13680	2	
625	13681	2	
626	13682	2	
627	13683	2	
628	13684	2	
629	13685	2	
630	13686	2	
631	13690	2	
632	13792	2	
633	13801	2	
634	13874	2	
635	14000	2	
636	14003	2	
637	14070	2	
638	14118	2	
639	14183	2	
640	14185	2	
641	14321	2	
642	14323	2	
643	14324	2	
644	14331	2	
645	14343	2	
646	14364	2	
647	14384	2	
648	14438	2	
649	14439	2	
650	14440	2	
651	14475	2	
652	14576	2	
653	14645	2	
654	14647	2	
655	14649	2	
656	14650	2	
657	14653	2	
658	14669	2	
659	14698	2	
660	14707	2	
661	14752	2	
662	14760	2	
663	14762	2	
664	14764	2	
665	14769	2	
666	14827	2	
667	14833	2	
668	14895	2	
669	14900	2	
670	14925	2	
671	14933	2	
672	14935	2	
673	14947	2	
674	14955	2	
675	14977	2	
676	14979	2	
677	14982	2	
678	14986	2	
679	14992	2	
680	14999	2	
681	15002	2	
682	15007	2	
683	15022	2	
684	15038	2	
685	15079	2	
686	15081	2	
687	15084	2	
688	15085	2	
689	15088	2	
690	15091	2	
691	15092	2	
692	15093	2	
693	15132	2	
694	15163	2	
695	15225	2	
696	15226	2	
697	15241	2	
698	15261	2	
699	15273	2	
700	15310	2	
701	15311	2	
702	15314	2	
703	15317	2	
704	15321	2	
705	15326	2	
706	15331	2	
707	15337	2	
708	15354	2	
709	15359	2	
710	15369	2	
711	15372	2	
712	15379	2	
713	15390	2	
714	15395	2	
715	15397	2	
716	15400	2	
717	15402	2	
718	15405	2	
719	15409	2	
720	15411	2	
721	15414	2	
722	15415	2	
723	15417	2	
724	15418	2	
725	15419	2	
726	15421	2	
727	15422	2	
728	15423	2	
729	15424	2	
730	15425	2	
731	15426	2	
732	15434	2	
733	15435	2	
734	15436	2	
735	15438	2	
736	15441	2	
737	15448	2	
738	15449	2	
739	15451	2	
740	15452	2	
741	15454	2	
742	15458	2	
743	15462	2	
744	15470	2	
745	15474	2	
746	15477	2	
747	15482	2	
748	15489	2	
749	15491	2	
750	15493	2	
751	15497	2	
752	15502	2	
753	15503	2	
754	15504	2	
755	15505	2	
756	15506	2	
757	15508	2	
758	15562	2	
759	15563	2	
760	15565	2	
761	15566	2	
762	15567	2	
763	15570	2	
764	15571	2	
765	15575	2	
766	15577	2	
767	15579	2	
768	15585	2	
769	15593	2	
770	15595	2	
771	15599	2	
772	15603	2	
773	15604	2	
774	15607	2	
775	15616	2	
776	15622	2	
777	15623	2	
778	15625	2	
779	15626	2	
780	15629	2	
781	15633	2	
782	15637	2	
783	15640	2	
784	15641	2	
785	15643	2	
786	15644	2	
787	15645	2	
788	15647	2	
789	15648	2	
790	15650	2	
791	15652	2	
792	15653	2	
793	15654	2	
794	15656	2	
795	15661	2	
796	15662	2	
797	15665	2	
798	15669	2	
799	15676	2	
800	15694	2	
801	15695	2	
802	15700	2	
803	15709	2	
804	15729	2	
805	15742	2	
806	15744	2	
807	15746	2	
808	15750	2	
809	15755	2	
810	15757	2	
811	15760	2	
812	15779	2	
813	15783	2	
814	15809	2	
815	15842	2	
816	15904	2	
817	15968	2	
818	15983	2	
819	15984	2	
820	15985	2	
821	15986	2	
822	15988	2	
823	15993	2	
824	15998	2	
825	15999	2	
826	16008	2	
827	16038	2	
828	16386	2	
829	16413	2	
830	16417	2	
831	16418	2	
832	16442	2	
833	16520	2	
834	16525	2	
835	16576	2	
836	16589	2	
837	16594	2	
838	16724	2	
839	16729	2	
840	16733	2	
841	16736	2	
842	16740	2	
843	16753	2	
844	16756	2	
845	16768	2	
846	16781	2	
847	16783	2	
848	16784	2	
849	16785	2	
850	16807	2	
851	16820	2	
852	16843	2	
853	16845	2	
854	16858	2	
855	16860	2	
856	16865	2	
857	16868	2	
858	16871	2	
859	16940	2	
860	16941	2	
861	16942	2	
862	16956	2	
863	16960	2	
864	16970	2	
865	16981	2	
866	17005	2	
867	17010	2	
868	17012	2	
869	17016	2	
870	17017	2	
871	17022	2	
872	17024	2	
873	17040	2	
874	17041	2	
875	17045	2	
876	17055	2	
877	17069	2	
878	17713	2	
879	17772	2	
880	17821	2	
881	17828	2	
882	18013	2	
883	18077	2	
884	18122	2	
885	18167	2	
886	18466	2	
887	18493	2	
888	18500	2	
889	18513	2	
890	18759	2	
891	18835	2	
892	18853	2	
893	18864	2	
894	18910	2	
895	18920	2	
896	18955	2	
897	19036	2	
898	19053	2	
899	19117	2	
900	19126	2	
901	19130	2	
902	19132	2	
903	19134	2	
904	19135	2	
905	19146	2	
906	19163	2	
907	19172	2	
908	19179	2	
909	19256	2	
910	19266	2	
911	19280	2	
912	19385	2	
913	19387	2	
914	19392	2	
915	19409	2	
916	19500	2	
917	19521	2	
918	19531	2	
919	19543	2	
920	19544	2	
921	19550	2	
922	19552	2	
923	19554	2	
924	19561	2	
925	19563	2	
926	19564	2	
927	19571	2	
928	19573	2	
929	19619	2	
930	19640	2	
931	19642	2	
932	19667	2	
933	19720	2	
934	19732	2	
935	19747	2	
936	19749	2	
937	19751	2	
938	19772	2	
939	19830	2	
940	19834	2	
941	19835	2	
942	19843	2	
943	19849	2	
944	19858	2	
945	19862	2	
946	19884	2	
947	19903	2	
948	20190	2	
949	20220	2	
950	20278	2	
951	20291	2	
952	20487	2	
953	20542	2	
954	20550	2	
955	20552	2	
956	20647	2	
957	20656	2	
958	20712	2	
959	20902	2	
960	20905	2	
961	20906	2	
962	20908	2	
963	20911	2	
964	20921	2	
965	20938	2	
966	20956	2	
967	20965	2	
968	20970	2	
969	20989	2	
970	20995	2	
971	21004	2	
972	21006	2	
973	21012	2	
974	21123	2	
975	21160	2	
976	21279	2	
977	21283	2	
978	21294	2	
979	21376	2	
980	21462	2	
981	21671	2	
982	21684	2	
983	21692	2	
984	21733	2	
985	21740	2	
986	21742	2	
987	21841	2	
988	22006	2	
989	22008	2	
990	22108	2	
991	22202	2	
992	22375	2	
993	22379	2	
994	22426	2	
995	22444	2	
996	22467	2	
997	22470	2	
998	22472	2	
999	22603	2	
1000	22626	2	
1001	22706	2	
1002	22771	2	
1003	22811	2	
1004	22820	2	
1005	22959	2	
1006	22986	2	
1007	22994	2	
1008	23042	2	
1009	23092	2	
1010	23106	2	
1011	23108	2	
1012	23114	2	
1013	23119	2	
1014	23127	2	
1015	23128	2	
1016	23130	2	
1017	23146	2	
1018	23195	2	
1019	23203	2	
1020	23514	2	
1021	23516	2	
1022	23517	2	
1023	23548	2	
1024	23569	2	
1025	23585	2	
1026	23635	2	
1027	23637	2	
1028	23670	2	
1029	23672	2	
1030	23674	2	
1031	23678	2	
1032	23683	2	
1033	23697	2	
1034	23699	2	
1035	23737	2	
1036	23739	2	
1037	23742	2	
1038	23764	2	
1039	23813	2	
1040	23839	2	
1041	23841	2	
1042	23845	2	
1043	23869	2	
1044	23873	2	
1045	23905	2	
1046	23916	2	
1047	23923	2	
1048	23931	2	
1049	23938	2	
1050	23969	2	
1051	24037	2	
1052	24041	2	
1053	24051	2	
1054	24053	2	
1055	24064	2	
1056	24066	2	
1057	24068	2	
1058	24073	2	
1059	24080	2	
1060	24081	2	
1061	24094	2	
1062	24104	2	
1063	24106	2	
1064	24116	2	
1065	24120	2	
1066	24131	2	
1067	24132	2	
1068	24138	2	
1069	24158	2	
1070	24178	2	
1071	24182	2	
1072	24197	2	
1073	24201	2	
1074	24213	2	
1075	24217	2	
1076	24231	2	
1077	24233	2	
1078	24236	2	
1079	24237	2	
1080	24254	2	
1081	24258	2	
1082	24259	2	
1083	24266	2	
1084	24268	2	
1085	24307	2	
1086	24316	2	
1087	24332	2	
1088	24397	2	
1089	24432	2	
1090	24441	2	
1091	24457	2	
1092	24486	2	
1093	24497	2	
1094	24502	2	
1095	24531	2	
1096	24604	2	
1097	24629	2	
1098	24665	2	
1099	24694	2	
1100	24696	2	
1101	24698	2	
1102	24749	2	
1103	24753	2	
1104	24760	2	
1105	24811	2	
1106	24816	2	
1107	24820	2	
1108	24821	2	
1109	24827	2	
1110	24829	2	
1111	24833	2	
1112	24834	2	
1113	24859	2	
1114	24863	2	
1115	24865	2	
1116	24871	2	
1117	24876	2	
1118	24880	2	
1119	24921	2	
1120	24948	2	
1121	24950	2	
1122	24979	2	
1123	24993	2	
1124	25026	2	
1125	25028	2	
1126	25081	2	
1127	25154	2	
1128	25206	2	
1129	25212	2	
1130	25241	2	
1131	25243	2	
1132	25286	2	
1133	25297	2	
1134	25306	2	
1135	25373	2	
1136	25444	2	
1137	25525	2	
1138	25545	2	
1139	25570	2	
1140	25574	2	
1141	25576	2	
1142	25578	2	
1143	25581	2	
1144	25585	2	
1145	25586	2	
1146	25591	2	
1147	25621	2	
1148	25623	2	
1149	25624	2	
1150	25629	2	
1151	25632	2	
1152	25634	2	
1153	25636	2	
1154	25638	2	
1155	25768	2	
1156	25813	2	
1157	25931	2	
1158	25952	2	
1159	25957	2	
1160	25958	2	
1161	25964	2	
1162	25970	2	
1163	25976	2	
1164	25978	2	
1165	25993	2	
1166	25995	2	
1167	25998	2	
1168	26016	2	
1169	26021	2	
1170	26024	2	
1171	26215	2	
1172	26336	2	
1173	26338	2	
1174	26357	2	
1175	26360	2	
1176	26385	2	
1177	26402	2	
1178	26727	2	
1179	26734	2	
1180	26739	2	
1181	26741	2	
1182	26742	2	
1183	26744	2	
1184	26766	2	
1185	26787	2	
1186	26971	2	
1187	27103	2	
1188	27108	2	
1189	27109	2	
1190	27116	2	
1191	27117	2	
1192	27118	2	
1193	27120	2	
1194	27122	2	
1195	27123	2	
1196	27125	2	
1197	27127	2	
1198	27136	2	
1199	27137	2	
1200	27138	2	
1201	27140	2	
1202	27142	2	
1203	27148	2	
1204	27158	2	
1205	27160	2	
1206	27271	2	
1207	27279	2	
1208	27293	2	
1209	27496	2	
1210	27499	2	
1211	27505	2	
1212	27508	2	
1213	27509	2	
1214	27519	2	
1215	27521	2	
1216	27532	2	
1217	27537	2	
1218	27857	2	
1219	27870	2	
1220	27873	2	
1221	27875	2	
1222	27889	2	
1223	27890	2	
1224	27891	2	
1225	27892	2	
1226	27893	2	
1227	27894	2	
1228	27895	2	
1229	27896	2	
1230	27897	2	
1231	27898	2	
1232	27899	2	
1233	27906	2	
1234	27909	2	
1235	27913	2	
1236	27914	2	
1237	27993	2	
1238	28051	2	
1239	28060	2	
1240	28063	2	
1241	28128	2	
1242	28260	2	
1243	28262	2	
1244	28273	2	
1245	28276	2	
1246	28277	2	
1247	28278	2	
1248	28279	2	
1249	28280	2	
1250	28284	3	
1251	28285	2	
1252	28286	2	
1253	28288	2	
1254	28289	2	
1255	28290	2	
1256	28294	2	
1257	28295	2	
1258	28296	2	
1259	28297	2	
1260	28298	2	
1261	28301	2	
1262	28302	2	
1263	28316	2	
1264	28318	2	
1265	28355	2	
1266	28357	2	
1267	28466	2	
1268	28678	2	
1269	28682	2	
1270	28683	2	
1271	28684	2	
1272	28685	2	
1273	28686	3	
1274	28692	2	
1275	28694	2	
1276	29073	2	
1277	29075	2	
1278	29076	2	
1279	29077	2	
1280	29079	2	
1281	29080	2	
1282	29081	2	
1283	29082	2	
1284	29083	2	
1285	29084	3	
1286	29085	3	
1287	29086	4	
1288	29087	4	
1289	29088	10	
1290	29089	5	
1291	29090	3	
1292	29091	2	
1293	29092	2	
1294	29093	2	
1295	29094	2	
1296	29095	2	
1297	29096	2	
1298	29097	2	
1299	29098	2	
1300	29099	2	
1301	29100	2	
1302	29101	2	
1303	29102	2	
1304	29104	2	
1305	29105	2	
1306	29107	2	
1307	29108	2	
1308	29109	2	
1309	29111	2	
1310	29116	2	
1311	29120	2	
1312	29126	2	
1313	29136	2	
1314	29487	2	
1315	29488	2	
1316	29489	2	
1317	29490	2	
1318	29492	6	
1319	29493	8	
1320	29494	6	
1321	29495	7	
1322	29496	5	
1323	29497	6	
1324	29498	4	
1325	29499	4	
1326	29500	4	
1327	29501	3	
1328	29503	4	
1329	29504	3	
1330	29506	2	
1331	29508	2	
1332	29509	3	
1333	29512	2	
1334	29521	2	
1335	29930	2	
1336	29932	2	
1337	29933	2	
1338	29934	2	
1339	29935	2	
1340	29936	2	
1341	29939	2	
1342	29940	2	
1343	29941	2	
1344	29942	2	
1345	29943	2	
1346	29944	2	
1347	29945	2	
1348	29946	2	
1349	29947	2	
1350	29948	2	
1351	29949	2	
1352	29950	3	
1353	29951	6	
1354	29952	8	
1355	29953	8	
1356	29954	8	
1357	29955	8	
1358	29956	6	
1359	29957	6	
1360	29958	6	
1361	29959	6	
1362	29960	3	
1363	29961	4	
1364	29962	5	
1365	29963	4	
1366	29964	3	
1367	29965	4	
1368	29966	2	
1369	29967	3	
1370	29968	3	
1371	29969	3	
1372	29970	3	
1373	29971	3	
1374	29972	2	
1375	29973	2	
1376	29974	3	
1377	29975	2	
1378	29976	2	
1379	29978	2	
1380	29979	2	
1381	29980	2	
1382	29981	2	
1383	29982	2	
1384	29983	2	
1385	29984	2	
1386	29985	2	
1387	29986	2	
1388	29987	2	
1389	29992	2	
1390	30001	2	
