number	direction_ind	# of covercap	
0	17	4	
1	102	2	
2	139	2	
3	148	2	
4	298	2	
5	425	2	
6	426	2	
7	428	2	
8	430	2	
9	438	2	
10	484	2	
11	486	2	
12	496	2	
13	497	2	
14	499	2	
15	508	2	
16	513	2	
17	565	2	
18	567	2	
19	576	2	
20	577	2	
21	578	2	
22	586	2	
23	595	2	
24	597	2	
25	604	2	
26	606	2	
27	632	2	
28	634	2	
29	668	2	
30	729	2	
31	771	2	
32	802	2	
33	809	2	
34	811	2	
35	887	2	
36	893	2	
37	933	2	
38	1098	2	
39	1099	2	
40	1121	2	
41	1122	2	
42	1141	2	
43	1177	2	
44	1227	2	
45	1238	2	
46	1257	2	
47	1269	2	
48	1274	2	
49	1280	2	
50	1289	2	
51	1310	2	
52	1321	2	
53	1392	2	
54	1429	2	
55	1514	2	
56	1550	2	
57	1553	2	
58	1562	2	
59	1567	2	
60	1570	2	
61	1572	2	
62	1573	2	
63	1577	2	
64	1590	2	
65	1638	2	
66	1643	2	
67	1646	2	
68	1651	2	
69	1660	2	
70	1675	2	
71	1771	2	
72	1772	2	
73	1785	2	
74	1791	2	
75	1794	2	
76	1795	2	
77	1796	2	
78	1798	2	
79	1802	2	
80	1803	2	
81	1804	2	
82	1807	2	
83	1855	2	
84	1876	2	
85	1892	2	
86	1897	2	
87	1903	2	
88	1914	2	
89	1915	2	
90	1916	2	
91	1917	2	
92	2051	2	
93	2052	2	
94	2054	2	
95	2055	2	
96	2056	2	
97	2057	2	
98	2058	2	
99	2125	2	
100	2132	2	
101	2153	2	
102	2158	2	
103	2183	2	
104	2192	2	
105	2193	2	
106	2194	2	
107	2199	2	
108	2201	2	
109	2205	2	
110	2225	2	
111	2231	2	
112	2287	2	
113	2288	2	
114	2289	2	
115	2321	2	
116	2328	2	
117	2334	2	
118	2335	2	
119	2339	2	
120	2340	2	
121	2341	2	
122	2342	2	
123	2344	2	
124	2345	2	
125	2374	2	
126	2381	2	
127	2401	2	
128	2435	2	
129	2479	2	
130	2480	2	
131	2481	2	
132	2486	2	
133	2488	2	
134	2492	2	
135	2494	2	
136	2499	2	
137	2505	2	
138	2509	2	
139	2515	2	
140	2523	2	
141	2534	2	
142	2582	2	
143	2604	2	
144	2622	2	
145	2625	2	
146	2632	2	
147	2633	2	
148	2634	2	
149	2796	2	
150	2807	2	
151	2820	2	
152	2846	2	
153	2875	2	
154	2888	2	
155	2894	2	
156	2902	2	
157	2906	2	
158	2908	2	
159	2910	2	
160	2940	2	
161	2941	2	
162	2942	2	
163	2969	2	
164	3024	2	
165	3207	2	
166	3334	2	
167	3343	2	
168	3349	2	
169	3355	2	
170	3381	2	
171	3425	2	
172	3470	2	
173	3492	2	
174	3510	2	
175	3526	2	
176	3540	2	
177	3557	2	
178	3563	2	
179	3581	2	
180	3598	2	
181	3606	2	
182	3881	2	
183	3889	2	
184	3893	2	
185	3902	2	
186	4058	2	
187	4062	2	
188	4065	2	
189	4068	2	
190	4072	2	
191	4080	2	
192	4084	2	
193	4087	2	
194	4090	2	
195	4093	2	
196	4240	2	
197	4243	2	
198	4245	2	
199	4246	2	
200	4248	2	
201	4287	2	
202	4288	2	
203	4310	2	
204	4428	2	
205	4496	2	
206	4836	2	
207	4839	2	
208	4840	2	
209	4842	2	
210	4845	2	
211	4910	2	
212	4911	2	
213	4912	2	
214	4913	2	
215	5033	2	
216	5034	2	
217	5035	2	
218	5036	2	
219	5114	2	
220	5115	2	
221	5116	2	
222	5117	2	
223	5232	2	
224	5233	2	
225	5234	2	
226	5235	2	
227	5236	2	
228	5320	2	
229	5321	2	
230	5322	2	
231	5383	2	
232	5419	2	
233	5420	2	
234	5438	2	
235	5439	2	
236	5440	2	
237	5533	2	
238	5535	2	
239	5536	2	
240	5537	2	
241	5538	2	
242	5554	2	
243	5555	2	
244	5560	2	
245	5654	2	
246	5657	2	
247	5762	2	
248	5820	2	
249	5822	2	
250	5873	2	
251	5874	2	
252	5875	2	
253	5878	2	
254	5879	2	
255	5976	2	
256	5978	2	
257	5980	2	
258	5981	2	
259	5993	2	
260	6088	2	
261	6093	2	
262	6198	2	
263	6302	2	
264	6303	2	
265	6305	2	
266	6306	2	
267	6308	2	
268	6414	2	
269	6416	2	
270	6418	2	
271	6419	2	
272	6527	2	
273	6642	2	
274	6646	2	
275	6647	2	
276	6745	2	
277	6748	2	
278	6751	2	
279	6752	2	
280	6754	2	
281	6755	2	
282	6759	2	
283	6870	2	
284	6876	2	
285	6877	2	
286	6878	2	
287	6880	2	
288	6882	2	
289	6883	2	
290	6884	2	
291	6888	2	
292	6915	2	
293	6933	2	
294	6935	2	
295	6943	2	
296	6977	2	
297	6978	2	
298	6980	2	
299	6982	2	
300	6983	2	
301	6984	2	
302	6985	2	
303	6986	2	
304	6987	2	
305	6988	2	
306	6990	2	
307	6991	2	
308	7069	2	
309	7097	2	
310	7102	2	
311	7108	2	
312	7111	2	
313	7112	2	
314	7113	2	
315	7115	2	
316	7116	2	
317	7118	2	
318	7120	2	
319	7121	2	
320	7128	2	
321	7154	2	
322	7157	2	
323	7162	2	
324	7165	2	
325	7210	2	
326	7216	2	
327	7219	2	
328	7220	2	
329	7222	2	
330	7344	2	
331	7346	2	
332	7347	2	
333	7350	2	
334	7351	2	
335	7448	2	
336	7449	2	
337	7451	2	
338	7452	2	
339	7577	2	
340	7580	2	
341	7581	2	
342	7908	2	
343	7909	2	
344	7911	2	
345	7912	2	
346	8053	2	
347	8054	2	
348	8100	2	
349	8107	2	
350	8115	2	
351	8119	2	
352	8122	2	
353	8129	2	
354	8131	2	
355	8132	2	
356	8136	2	
357	8143	2	
358	8144	2	
359	8145	2	
360	8146	2	
361	8147	2	
362	8149	2	
363	8150	2	
364	8153	2	
365	8191	2	
366	8198	2	
367	8219	2	
368	8220	2	
369	8239	2	
370	8242	2	
371	8245	2	
372	8248	2	
373	8271	2	
374	8286	2	
375	8287	2	
376	8289	2	
377	8290	2	
378	8291	2	
379	8292	2	
380	8293	2	
381	8294	2	
382	8297	2	
383	8298	2	
384	8299	2	
385	8304	2	
386	8305	2	
387	8306	2	
388	8320	2	
389	8325	2	
390	8335	2	
391	8342	2	
392	8376	2	
393	8380	2	
394	8381	2	
395	8382	2	
396	8383	2	
397	8385	2	
398	8389	2	
399	8470	2	
400	8481	2	
401	8482	2	
402	8530	2	
403	8533	2	
404	8534	2	
405	8539	2	
406	8567	2	
407	8578	2	
408	8618	2	
409	8623	2	
410	8624	2	
411	8626	2	
412	8630	2	
413	8689	2	
414	8702	2	
415	8713	2	
416	8714	2	
417	8785	2	
418	8797	2	
419	8798	2	
420	8876	2	
421	8877	2	
422	8888	2	
423	8946	2	
424	9010	2	
425	9043	2	
426	9125	2	
427	9193	2	
428	9198	2	
429	9361	2	
430	9388	2	
431	9392	2	
432	9394	2	
433	9409	2	
434	9430	2	
435	9443	2	
436	9470	2	
437	9478	2	
438	9496	2	
439	9497	2	
440	9506	2	
441	9509	2	
442	9562	2	
443	9566	2	
444	9571	2	
445	9594	2	
446	9600	2	
447	9629	2	
448	9633	2	
449	9649	2	
450	9666	2	
451	9695	2	
452	9709	2	
453	9732	2	
454	9760	2	
455	9766	2	
456	9767	2	
457	9799	2	
458	9803	2	
459	9965	2	
460	9966	2	
461	9977	2	
462	10023	2	
463	10026	2	
464	10145	2	
465	10147	2	
466	10162	2	
467	10164	2	
468	10214	2	
469	10336	2	
470	10370	2	
471	10372	2	
472	10420	2	
473	10433	2	
474	10471	2	
475	10480	2	
476	10541	2	
477	10547	2	
478	10585	2	
479	10599	2	
480	10696	2	
481	10848	2	
482	10946	2	
483	10947	2	
484	10992	2	
485	11133	2	
486	11215	2	
487	11409	2	
488	11457	2	
489	11463	2	
490	11471	2	
491	11488	2	
492	11489	2	
493	11491	2	
494	11520	2	
495	11521	2	
496	11544	2	
497	11545	2	
498	11546	2	
499	11550	2	
500	11573	2	
501	11620	2	
502	11649	2	
503	11657	2	
504	11661	2	
505	11679	2	
506	11680	2	
507	11686	2	
508	11702	2	
509	11707	2	
510	11713	2	
511	11716	2	
512	11779	2	
513	11788	2	
514	11817	2	
515	11819	2	
516	11823	2	
517	11836	2	
518	11899	2	
519	11953	2	
520	11986	2	
521	11999	2	
522	12001	2	
523	12006	2	
524	12008	2	
525	12010	2	
526	12012	2	
527	12033	2	
528	12034	2	
529	12035	2	
530	12039	2	
531	12043	2	
532	12060	2	
533	12064	2	
534	12066	2	
535	12080	2	
536	12091	2	
537	12092	2	
538	12093	2	
539	12114	2	
540	12149	2	
541	12160	2	
542	12167	2	
543	12169	2	
544	12170	2	
545	12171	2	
546	12179	2	
547	12188	2	
548	12220	2	
549	12223	2	
550	12225	2	
551	12227	2	
552	12228	2	
553	12242	2	
554	12247	2	
555	12250	2	
556	12253	2	
557	12254	2	
558	12255	2	
559	12257	2	
560	12258	2	
561	12261	2	
562	12287	2	
563	12361	2	
564	12565	2	
565	12566	2	
566	12571	2	
567	12573	2	
568	12577	2	
569	12583	2	
570	12602	2	
571	12613	2	
572	12622	2	
573	12626	2	
574	12632	2	
575	12636	2	
576	12644	2	
577	12646	2	
578	12704	2	
579	12708	2	
580	12709	2	
581	12711	2	
582	12715	2	
583	12718	2	
584	12719	2	
585	12749	2	
586	12776	2	
587	12789	2	
588	12790	2	
589	12795	2	
590	12796	2	
591	12800	2	
592	12803	2	
593	12805	2	
594	12835	2	
595	12842	2	
596	12847	2	
597	12896	2	
598	12904	2	
599	12905	2	
600	12993	2	
601	12994	2	
602	13078	2	
603	13193	2	
604	13349	2	
605	13367	2	
606	13368	2	
607	13387	2	
608	13389	2	
609	13402	2	
610	13403	2	
611	13404	2	
612	13449	2	
613	13543	2	
614	13550	2	
615	13552	2	
616	13565	2	
617	13610	2	
618	13618	2	
619	13657	2	
620	13672	2	
621	13677	2	
622	13713	2	
623	13741	2	
624	13824	2	
625	13842	2	
626	13846	2	
627	13892	2	
628	13921	2	
629	13923	2	
630	13932	2	
631	13940	2	
632	13946	2	
633	13951	2	
634	13952	2	
635	13967	2	
636	13968	2	
637	13969	2	
638	14024	2	
639	14066	2	
640	14067	2	
641	14082	2	
642	14118	2	
643	14124	2	
644	14145	2	
645	14179	2	
646	14186	2	
647	14216	2	
648	14217	2	
649	14232	2	
650	14247	2	
651	14249	2	
652	14251	2	
653	14278	2	
654	14283	2	
655	14285	2	
656	14291	2	
657	14305	2	
658	14308	2	
659	14323	2	
660	14325	2	
661	14340	2	
662	14392	2	
663	14432	2	
664	14436	2	
665	14470	2	
666	14484	2	
667	14486	2	
668	14490	2	
669	14495	2	
670	14514	2	
671	14517	2	
672	14518	2	
673	14519	2	
674	14525	2	
675	14530	2	
676	14531	2	
677	14533	2	
678	14539	2	
679	14570	2	
680	14573	2	
681	14580	2	
682	14584	2	
683	14590	2	
684	14592	2	
685	14595	2	
686	14602	2	
687	14609	2	
688	14612	2	
689	14613	2	
690	14617	2	
691	14619	2	
692	14625	2	
693	14635	2	
694	14637	2	
695	14659	2	
696	14661	2	
697	14666	2	
698	14674	2	
699	14675	2	
700	14688	2	
701	14692	2	
702	14696	2	
703	14698	2	
704	14706	2	
705	14710	2	
706	14712	2	
707	14738	2	
708	14745	2	
709	14755	2	
710	14768	2	
711	14779	2	
712	14781	2	
713	14782	2	
714	14790	2	
715	14791	2	
716	14806	2	
717	14816	2	
718	14828	2	
719	14863	2	
720	14873	2	
721	14877	2	
722	14882	2	
723	14887	2	
724	14888	2	
725	14906	2	
726	14910	2	
727	14921	2	
728	14924	2	
729	14937	2	
730	14948	2	
731	14951	2	
732	14953	2	
733	14966	2	
734	14970	2	
735	14983	2	
736	14984	2	
737	15003	2	
738	15054	2	
739	15372	2	
740	15382	2	
741	15386	2	
742	15399	2	
743	15401	2	
744	15404	2	
745	15407	2	
746	15440	2	
747	15446	2	
748	15450	2	
749	15451	2	
750	15457	2	
751	15458	2	
752	15459	2	
753	15461	2	
754	15463	2	
755	15475	2	
756	15488	2	
757	15490	2	
758	15493	2	
759	15494	2	
760	15497	2	
761	15499	2	
762	15501	2	
763	15507	2	
764	15508	2	
765	15510	2	
766	15518	2	
767	15524	2	
768	15531	2	
769	15533	2	
770	15538	2	
771	15540	2	
772	15541	2	
773	15542	2	
774	15548	2	
775	15552	2	
776	15563	2	
777	15571	2	
778	15574	2	
779	15581	2	
780	15588	2	
781	15590	2	
782	15592	2	
783	15627	2	
784	15628	2	
785	15631	2	
786	15638	2	
787	15650	2	
788	15651	2	
789	15765	2	
790	15773	2	
791	15779	2	
792	15781	2	
793	15783	2	
794	15788	2	
795	15790	2	
796	15794	2	
797	15795	2	
798	15797	2	
799	15814	2	
800	15817	2	
801	15821	2	
802	15822	2	
803	15826	2	
804	15828	2	
805	15830	2	
806	15832	2	
807	15835	2	
808	15888	2	
809	15921	2	
810	15947	2	
811	16072	2	
812	16081	2	
813	16240	2	
814	16247	2	
815	16249	2	
816	16314	2	
817	16316	2	
818	16326	2	
819	16328	2	
820	16356	2	
821	16357	2	
822	16359	2	
823	16361	2	
824	16363	2	
825	16367	2	
826	16369	2	
827	16371	2	
828	16372	2	
829	16375	2	
830	16376	2	
831	16377	2	
832	16378	2	
833	16381	2	
834	16388	2	
835	16390	2	
836	16393	2	
837	16395	2	
838	16398	2	
839	16399	2	
840	16401	2	
841	16403	2	
842	16411	2	
843	16431	2	
844	16454	2	
845	16519	2	
846	16555	2	
847	16661	2	
848	16666	2	
849	16669	2	
850	16671	2	
851	16681	2	
852	16689	2	
853	16691	2	
854	16715	2	
855	16733	2	
856	16793	2	
857	16955	2	
858	16969	2	
859	16971	2	
860	16974	2	
861	16982	2	
862	16990	2	
863	16995	2	
864	17173	2	
865	17243	2	
866	17262	2	
867	17263	2	
868	17269	2	
869	17270	2	
870	17273	2	
871	17274	2	
872	17275	2	
873	17276	2	
874	17277	2	
875	17278	2	
876	17279	2	
877	17280	2	
878	17281	2	
879	17282	2	
880	17283	2	
881	17287	2	
882	17290	2	
883	17291	2	
884	17292	2	
885	17293	2	
886	17294	2	
887	17295	2	
888	17302	2	
889	17304	2	
890	17346	2	
891	17405	2	
892	17581	2	
893	17584	2	
894	17589	2	
895	17592	2	
896	17593	2	
897	17594	2	
898	17596	2	
899	17597	2	
900	17600	2	
901	17602	2	
902	17607	2	
903	17801	2	
904	17824	2	
905	17883	2	
906	17884	2	
907	17886	2	
908	17888	2	
909	17890	2	
910	17891	2	
911	17892	2	
912	17893	2	
913	17894	2	
914	17897	3	
915	17898	7	
916	17899	7	
917	17900	11	
918	17901	7	
919	17902	4	
920	17903	5	
921	17904	4	
922	17905	4	
923	17906	3	
924	17907	3	
925	17908	3	
926	17909	3	
927	17910	3	
928	17911	3	
929	17912	2	
930	17913	2	
931	17914	2	
932	17915	2	
933	17917	2	
934	17924	2	
935	17926	2	
936	17928	2	
937	17930	2	
938	17971	2	
939	18051	2	
940	18117	2	
941	18226	2	
942	18230	2	
943	18233	2	
944	18236	2	
945	18237	2	
946	18240	2	
947	18241	2	
948	18244	2	
949	18245	2	
950	18246	2	
951	18247	2	
952	18248	2	
953	18249	3	
954	18250	2	
955	18251	2	
956	18252	2	
957	18253	2	
958	18254	3	
959	18255	6	
960	18256	10	
961	18257	7	
962	18258	7	
963	18259	7	
964	18260	6	
965	18261	6	
966	18262	6	
967	18263	4	
968	18264	5	
969	18265	3	
970	18266	4	
971	18267	2	
972	18268	3	
973	18269	3	
974	18270	3	
975	18271	2	
976	18272	2	
977	18273	2	
978	18274	2	
979	18275	2	
980	18276	2	
981	18278	2	
982	18279	2	
983	18280	2	
984	18281	2	
985	18282	2	
986	18284	2	
987	18285	2	
988	18286	2	
989	18292	2	
990	18293	2	
991	18296	2	
992	18299	2	
993	18300	2	
